404553 429772 543660 527144 426984 471140 631084 269956 580784 376680 492265 399764 486426
383505 478224 570118 392412 403021 342484 579200 190187 454629 442977 490792 382228 470874
424584 484455 570139 421451 356234 362223 605481 266359 543867 440560 527041 463520 485913
569723 639811 765584 480098 558370 395006 747703 270721 554172 652276 594450 491883 647054
471383 466684 607384 449506 333333 440916 656593 317535 613253 459066 543509 509321 522480
594191 622716 731537 556300 495226 564289 795184 341086 746698 575826 606794 558265 615839
414219 431330 533747 337856 424950 280261 531799 151504 405105 458161 443364 381812 462696
526171 542743 648054 439608 467847 399346 640570 248675 607428 582627 522991 474378 532424
483017 430843 530086 343374 363160 379920 620055 261050 455483 422265 507213 384467 411575
477337 556939 640444 426031 459265 353733 684756 311870 444424 529753 508110 372739 548040
455571 518004 601190 479962 428274 462484 632632 301983 570189 494170 464906 402920 586136
386845 330001 475433 473931 409286 431681 510185 241168 540105 401228 427346 349618 480409
571021 491087 632090 408490 315172 441013 638730 356358 698910 601038 512792 574953 569596
