640861 789442 742122 564968 498571 677595 403099 656070 689382 630484 788963 548049 597960 857720 734102 716013 736232 544862
763736 972395 948885 739855 702441 912131 639459 849659 873642 769931 1027440 824948 852665 933486 933753 1068402 911452 835810
619140 765523 769491 677509 571957 698143 386098 615941 737460 756381 793926 677209 699269 641211 783275 805322 771552 555575
672128 862574 832970 851631 703873 933698 585991 784892 845091 851728 939013 949181 797402 789935 946584 1013241 912673 765538
629790 820514 623978 654262 648011 741973 567435 742002 692658 697137 908998 704460 662648 918406 867324 857757 773300 630106
624777 835295 760435 699708 607494 764460 455971 761947 691098 646012 835939 717038 706824 725498 804011 862175 822389 724162
574214 811205 719561 541879 486777 615403 325171 547718 679232 526037 714654 598094 548734 614610 693483 757275 739538 577134
535797 650771 570741 531073 541027 610689 455510 568385 526443 553545 674126 601732 521019 642915 688721 819792 658834 549315
837162 1042541 932489 871494 681013 915505 560181 974345 915178 733792 1007204 912520 852326 802478 1060373 972570 984565 799999
678807 934622 820360 764938 787860 889951 689477 819906 800875 844147 1042805 931081 774185 1045684 941538 1147094 964208 820624
487162 703931 660519 570671 540085 604345 487920 571632 612226 593182 740732 617449 633671 724323 723023 869063 768697 573946
713801 917561 1009337 652104 593690 779497 447840 677312 871815 717881 875035 742618 722067 790916 789860 910425 905201 718184
688356 1023589 803504 738979 787387 848558 604952 812621 833820 734299 1026187 910700 817278 809980 955281 1079979 962824 909630
849991 961650 935679 828897 790020 949581 636056 885500 936569 917774 1047597 839264 843771 975455 1035642 1065710 931707 772965
552252 813285 750859 597397 546429 747200 460514 655259 703092 598525 774038 677376 679140 692493 727470 952858 740319 661748
515926 723643 623119 636130 543427 686154 469443 568387 607233 522395 766840 637210 663591 577254 818019 759387 649471 577423
667838 744252 760540 672358 586868 836081 517936 703056 713982 779404 856515 766436 664268 809995 816269 932199 773143 614144
716290 943001 744102 759834 586154 787663 464574 811535 726070 672535 877269 679130 730507 751529 919451 884776 812200 658112
