1106561 1058249 1106176 1269983 1046321 838221 1061969 1087875 1303800 1104763 971907 997155 948510 1043894 1115497 1042986 874799 1291292 1241063 971330 1080550 1034914
640573 616343 709888 744924 586912 600970 569964 646004 724875 597770 645416 536938 552983 558741 594824 503470 550509 735012 713106 510776 576184 665396
846474 890766 906398 894142 714893 599420 754960 828890 991279 875050 559582 732305 593435 631359 882198 880322 748875 1003329 1006787 811728 893627 833580
736217 845957 881506 1069278 818456 732927 803076 792415 951670 766919 645943 787468 608519 823641 782179 844250 675362 1057528 1068562 751381 856716 824564
1060527 991272 1067187 1106917 939532 792261 997531 1032868 1287119 1141013 830582 970987 839366 982375 1100784 1049084 911138 1262700 1257286 982662 1043859 1019311
892461 891863 1018669 974077 888080 803073 788939 872631 1001154 920996 895682 752459 754507 746548 854799 694128 700334 1067959 984139 672727 809842 795078
933908 993795 909343 1074207 827177 801045 976357 907998 1098948 968336 809473 855288 820317 957378 983623 901085 832141 1254234 1132205 819125 1040958 932807
761647 680609 790425 768609 581785 602754 719599 696004 795376 647027 634635 639006 725600 647860 721093 663699 658586 900672 724803 739564 749208 671727
753532 803569 843095 935048 688368 627802 709917 788000 830969 814279 745954 718406 562788 694113 679879 827799 599252 906364 962741 596548 755075 701167
931159 820403 956078 1033302 775539 682959 812771 832662 903433 736498 742597 849516 702630 756781 779588 1042546 731860 983993 913320 872328 847833 857784
1195201 1217424 1327192 1374007 1133745 1000057 1268321 1230057 1519218 1212217 996121 1056576 959296 1128381 1193732 1271499 1064054 1510014 1377843 1098846 1253500 1131629
841928 799186 846202 976149 770792 726354 763536 911060 1040206 888797 787680 734537 555576 777832 870448 706459 686013 1061107 903595 722368 825408 728445
965870 945855 1078182 1015717 981413 864803 906794 899532 1058367 937380 891452 861635 864479 930448 962664 861758 681563 1186132 1053577 764964 925632 918290
956671 954209 1063089 1098361 979453 812990 817879 931272 1114588 880791 810011 859423 783590 901935 851693 892324 673398 1156820 1049951 889682 863839 906405
832396 819866 1026116 918010 790957 712865 730200 686433 803999 692349 670738 702040 698918 583653 715198 889751 665683 913374 930688 688626 776758 798467
1032201 992907 1120833 1175878 1000412 811798 890839 981004 1187907 1034820 1016438 964895 886297 933231 1115283 1091173 914518 1179302 1259087 952395 842848 1031509
942464 1040469 1078476 1039986 899552 863520 898949 786781 1135270 888826 658437 828284 826970 885481 905042 908702 670217 1193327 1065543 886726 1003515 944534
920089 884233 917854 1025033 774389 801623 1058277 932396 1113113 957996 728988 886463 801972 980624 970360 906903 798861 1281558 1044316 904781 1117692 841983
879528 871637 830216 943657 677575 648358 855838 902566 1022656 835847 738629 768768 750386 856954 840425 869489 753904 1121801 913607 904375 882044 771593
823239 931290 952403 1075529 840578 695739 872697 803581 1030460 928353 737021 699784 757299 686733 840585 844831 862647 1018625 1119951 827490 831681 848584
1041992 1051844 1101216 1125706 890065 785720 886095 952232 1080437 958376 842076 876138 780899 846323 816969 1028868 817532 1136976 1083148 902272 958425 960356
946013 1023827 1077136 1171985 928578 757273 896818 926178 1120957 906827 796559 858630 804920 830295 917561 999870 795018 1142498 1130215 907058 929635 898818
