16 16
+40 +93 +149 +42 +349 +356 +292 +183 +309 +33 +51 +224 +287 +265 +228 +213
+372 +290 +22 +332 +398 +245 +257 +29 +316 +304 +116 +104 +283 +158 +64 +96
 +6 +334 +38 +87 +392 +171 +24 +232 +231 +253 +382 +294 +270 +284 +183 +159
+364 +110 +283 +267 +166 +314 +116 +317 +171 +20 +99 +239 +37 +83 +153 +260
 +0 +304 +130 +195 +71 +11 +201 +146 +140 +352 +101 +342 +260 +257 +28 +101
+200 +282 +151 +231 +199 +161 +238 +256 +13 +383 +74 +310 +79 +50 +48 +106
+317 +391 +86 +58 +90 +124 +63 +85 +329 +205 +239 +275 +155 +268 +113 +55
+31 +389 +199 +214 +337 +264 +396 +104 +180 +299 +261 +336 +152 +336 +42 +348
+211 +306 +288 +342 +118 +52 +224 +17 +313 +300 +398 +222 +232 +237 +92 +65
+295 +57 +110 +81 +111 +362 +65 +114 +352 +224 +168 +152 +98 +160 +155 +25
+325 +293 +350 +156 +111 +227 +96 +228 +232 +140 +161 +165 +188 +216 +166 +378
+45 +236 +336 +284 +46 +136 +44 +158 +169 +368 +367 +365 +41 +199 +191 +373
+191 +43 +218 +196 +237 +69 +221 +195 +373 +233 +126 +198 +259 +196 +76 +139
+64 +227 +15 +150 +142 +242 +270 +127 +367 +150 +79 +123 +305 +156 +229 +384
+371 +261 +198 +320 +267 +141 +175 +322 +346 +376  +4 +170 +192 +271 +245 +230
+194 +114 +179 +11 +27 +210 +231 +350 +375 +353 +189 +328 +187 +366  +9 +318
