35 35
+71 +197 +370 +381 +272 +157 +375 +143 +92 +366 +301 +79 +26 +62 +59 +380 +94 +128 +384 +122  +4 +363 +146 +183 +136 +357 +238 +160 +104 +95 +13 +346 +204 +340 +71
+45 +106 +48 +325 +358 +391 +214 +43 +84 +222 +376 +22 +284 +312 +189 +333  +1 +254 +237 +231 +74 +119 +297 +260 +392 +142 +220 +382 +189 +364 +332 +262 +174 +355 +353
+48 +148 +31 +195 +43 +315 +249 +115 +306 +139 +160 +138  +7 +324 +269 +36 +245 +137 +179 +356 +34 +364 +154 +263 +184 +323 +147 +329  +6 +191 +225 +245 +357 +91 +157
+74 +50 +112 +215 +59 +242 +151 +221 +73 +361 +99 +312 +191 +389 +119 +106 +282 +48 +358 +304 +359 +296 +344 +110 +256 +242 +381 +254 +308 +206 +26 +390 +199 +255 +157
+204 +142 +324 +181 +327 +265 +214 +277 +398 +83 +130 +298 +78 +155 +182 +254 +99 +216 +130 +112 +20 +61 +40 +389 +100 +94 +373 +245 +380 +179 +12 +256 +219 +398 +281
+161 +37 +109 +175 +385 +62 +261 +19 +319 +88 +259  +8 +254 +166 +133 +381 +121 +61 +34 +375 +44 +395 +13 +185 +391 +197 +165 +85 +40 +312 +155 +85 +255  +1 +216
+155 +208 +49 +214 +306 +98 +396 +106 +203 +99 +244 +107 +350 +336 +361 +59 +255 +380 +338 +22 +261 +293 +254 +24 +104 +206 +171 +389 +134 +254 +306 +357 +373 +381 +132
+316 +387 +184 +86 +168  +5 +376 +278 +196 +207  +5 +341 +150 +221 +243 +398 +323 +111 +34 +57 +265 +346 +145 +193 +243 +108 +283 +57 +66 +152 +282  +4 +200 +282 +105
+371 +346 +146 +376 +51 +47 +118 +18  +5 +34 +237 +40 +138 +258 +49 +120 +307 +280 +175 +165 +180 +84 +119 +348 +288 +348 +297 +148 +125 +272 +246 +64 +90 +390 +170
+238 +273 +181 +334 +297 +292 +339 +342 +205 +265 +358  +3 +12 +271 +378 +190 +163 +364 +145 +152 +118 +115 +14 +355 +382 +242 +358 +129 +88 +264 +121 +277 +261 +199 +133
+258 +122 +84 +72 +217 +49 +336 +111 +312 +91 +66 +339 +342 +310 +98 +119 +385 +185 +364 +291 +109 +190 +226 +268 +219 +160 +251 +175 +317 +28 +74 +302 +386 +359 +396
+270 +344 +107 +77 +117 +230 +97 +94 +263 +89 +42 +145  +9 +390 +89 +113 +41 +353 +316 +50 +103 +367 +172 +288 +233 +196 +385 +357 +394 +242 +265 +242 +203 +261 +210
+19 +98 +307 +178 +296 +204 +360 +222 +43 +276 +39 +139 +393 +357 +276 +95 +399 +383 +149 +340 +62 +308 +96 +141 +112 +211 +263 +299 +83 +92 +79 +157 +49 +310 +305
+379 +374 +389 +211 +227 +286 +384 +235 +212 +42 +264 +75 +343 +258 +153 +198 +38 +399 +265 +115 +255 +178 +138 +335 +178 +391 +45 +104 +184 +341 +126 +88 +37 +283 +211
+58 +317 +274 +147 +92 +174 +116 +194 +262 +273 +193 +268 +239 +287 +164 +260 +91 +267 +136 +346 +129 +302 +16 +363 +279 +246 +253 +238 +156 +296 +104 +229 +70 +238 +346
+38 +212 +176 +326 +11 +54 +294 +300 +266 +334 +57 +181 +315 +98 +384 +147 +261 +343 +150 +196 +271 +268 +262 +43 +91  +6 +126  +9  +8 +43 +327 +121 +184 +54 +353
+341 +294 +193 +283 +77 +239 +225 +111 +14 +125 +151 +155 +17 +353 +214 +89 +213 +332 +396 +364 +262 +320 +53 +165 +313 +31 +243 +82 +101 +378 +273  +3 +307 +201 +219
+55 +305 +287 +26 +313 +135  +5 +233 +147 +364 +96 +371 +392 +383 +312 +302 +26  +0 +84 +107  +7 +223 +392 +72 +88 +121 +111 +117 +31 +137 +40 +289 +70 +177 +33
+249 +224 +349 +46 +157 +161 +44 +270 +91 +182 +80 +219 +20 +69 +235 +393 +343 +124 +294 +221 +93 +95 +291 +243 +133 +203 +175 +67 +333 +360 +255 +214 +63 +204 +368
+49 +80 +124 +113 +321 +298 +55 +78 +198 +200 +294 +280 +137 +259 +21 +281 +304  +5 +295 +247  +4 +332 +346 +52 +395 +80 +297 +214 +257 +399 +12 +108 +190 +71 +11
+149 +215 +241 +263 +284 +114 +221 +165 +116 +266 +224 +380 +330 +111 +236 +69 +342 +185 +136 +245 +189 +143 +36 +56 +115 +192 +242 +279 +19 +290 +56 +11 +280 +164 +364
+71 +136 +31 +356 +226 +360 +178 +147 +246 +144 +325 +178 +124 +90 +172 +132 +153 +172 +325 +138 +243 +99 +310 +173 +240 +236 +303 +316 +40 +273 +224 +374 +101 +203 +205
+361 +347  +6 +354 +202 +306 +316 +197 +250 +346 +362 +48 +256 +176 +134 +350 +27 +301 +63 +297 +221 +382 +359 +28 +359 +130 +379 +87 +229 +114 +196 +228 +324 +368 +385
+125 +294 +69 +193 +270 +363 +29 +69 +34 +116 +248 +356 +290 +209 +332 +172 +10 +395 +381 +366 +136 +174 +380 +195 +143 +124 +110 +340 +246 +214 +224 +240 +315 +280 +59
+23 +68 +89 +226 +211 +359 +340 +220 +384 +318 +155 +70 +382 +384 +73 +291 +327 +50 +38 +298  +4 +384 +55 +393 +390 +109 +368 +314 +71 +292 +347 +335 +39 +234 +66
+309 +387 +254 +369 +340 +361 +330 +358 +164 +138 +220 +140 +57 +215 +319 +370 +67 +322 +331 +389 +52 +372 +245 +151 +221 +79 +159  +5 +18 +331 +79 +300 +341 +382 +135
+153 +318 +174 +267 +66 +353 +257 +393 +319 +204 +284 +356 +277 +352 +354 +11 +125 +381 +392 +398 +122 +71 +233 +115 +339 +287 +371 +41 +339 +249 +214 +315 +341 +174 +90
+87 +94 +80 +187 +214 +49 +90 +212 +130 +68 +345 +356 +257 +220 +143 +253 +196 +253 +328 +234 +397 +236 +232 +96 +381 +70 +36 +182 +300 +155 +368 +253 +198 +218 +381
+136 +170 +325  +7 +394 +133 +38 +309 +218 +103 +210 +141 +66 +395 +142 +187 +70 +78 +250 +130 +199 +198 +387 +29 +55 +85 +35 +39 +109 +218 +254 +268 +130 +300 +379
+131  +6 +180 +15 +385 +384 +53 +223 +30 +338 +261 +136 +85 +88 +206 +344 +20 +245 +314 +332 +364 +178 +251 +25 +364 +214 +302 +184 +60 +370 +329 +38 +337 +229 +244
+280 +34 +219 +34 +295 +352 +232 +194 +15 +303 +308 +208 +87 +312 +21 +23 +193 +55 +74 +11 +248 +216 +69 +298 +73 +315 +75 +311 +281 +62 +93 +112 +323 +192 +118
+237 +294 +211 +12 +250 +238 +99 +359 +143 +65 +83 +94 +177 +287 +354 +43 +391 +16 +144 +266 +353 +340 +101 +195 +314 +12 +173 +141 +378 +68 +337 +136 +346 +185 +39
+14 +14 +168 +361 +318 +18 +172 +271 +344 +59 +164 +251 +295 +180 +120 +349 +394 +395 +241 +324 +173 +175 +244 +296 +86 +379 +392 +303 +53 +47 +55 +291 +78 +225 +180
+300 +254 +378 +305 +85 +364 +289 +174 +352 +82 +22 +216 +271 +239 +217 +306 +268 +116 +47 +183 +242 +108 +144 +135 +158 +104 +360 +183 +324 +193 +33 +357 +225 +222 +238
+169 +381 +388 +96 +398 +138 +69 +214 +217 +80 +199 +236 +14  +5 +327 +307 +308 +395 +92 +322 +153 +169 +254 +305 +342 +312 +374 +320 +315 +348 +273 +228 +359 +221 +293
