26 26
+220 +128 +337 +123 +336 +27 +127 +113 +100 +273 +116 +323 +318 +387 +103 +318 +31 +16 +298 +389 +225 +84 +284 +328 +223 +130
+130 +169 +134 +123 +85 +144 +188  +0 +97 +389 +212 +140 +27 +225 +113 +393 +363 +168 +118 +28 +56 +161 +173 +111 +112 +23
+231 +234 +295 +314 +256 +247 +18 +52 +115 +348 +227 +244 +29 +239 +28 +195 +209 +224 +159 +87 +238 +252 +347 +57 +296 +382
+372 +353 +78 +270 +162 +307 +237 +81 +372 +341 +236 +131 +304 +376 +271 +311 +54 +54 +303 +135 +255 +233 +136 +317 +132 +361
+165 +165 +357 +42 +179 +165 +366 +173 +156 +340 +81  +3 +290 +50 +69 +387 +232 +156 +374 +206 +107 +220 +181 +21  +8 +296
+337 +69 +156 +290 +65 +397 +343 +389 +262 +179 +137 +368 +159 +117  +4 +298 +61 +239 +394 +85 +399 +105 +229 +393 +122 +286
+248 +302 +47 +133 +282 +232 +374 +15 +59 +271 +347 +93 +189 +348 +308 +158 +178 +355  +1 +96 +310 +359 +10 +283 +148 +382
+386 +193 +193 +205 +265 +353 +309 +379 +241 +237 +94 +350 +66 +320 +174 +61 +261 +319 +370 +273 +318 +31 +241 +186 +222 +98
+131  +7 +396 +78 +78 +330 +285 +85 +371 +356 +157 +52 +16 +266 +349 +297 +121 +385 +52 +332 +59 +254 +370 +336 +322 +221
+362 +212  +3 +361 +198 +54 +250 +34 +12 +194 +369 +247 +290 +140 +396 +78 +373 +14 +257 +149 +387 +136 +386 +62 +346 +25
+346 +294 +161 +215 +143 +361 +331  +6 +359 +207 +259 +194 +33 +247 +363 +270 +125 +160 +123 +337 +346 +185 +315 +355 +94 +157
+364 +382 +126 +218 +302 +318 +174 +346 +277 +339 +295 +367 +180 +296 +314 +18 +395 +71 +196 +107 +300 +103 +327 +372 +225 +169
+21 +193 +367 +223 +53 +391 +176 +232 +244 +328 +302 +398  +3 +285 +321 +96 +123 +151 +80 +304 +30 +145 +362 +174 +104 +195
+238 +101 +343 +100 +31 +25 +194 +52 +207 +192 +71 +252 +63 +137 +307 +265 +172 +268 +61 +82 +212 +180 +125 +386 +74 +104
+387 +287 +145 +394 +345 +261 +143 +200 +169 +145 +40 +389 +360 +104 +282 +206 +283 +389 +394 +59 +279 +310 +178 +101 +148 +128
+124 +127 +61 +119 +135 +186 +341 +149 +183 +23 +248 +315 +120 +32 +340 +351 +239  +8 +104 +213 +42 +277 +208 +199 +330 +228
+156 +251 +189 +307 +128 +46 +387 +351 +26 +61 +302 +141 +300 +304 +278 +27 +136 +211 +60 +124 +130 +353 +319 +76 +115 +169
+315 +64 +314 +118 +160 +168  +7 +43 +395 +191 +342 +392 +157 +171 +385 +397 +193 +375 +26 +77 +207 +71 +251 +20 +109 +282
+57 +218 +393 +337  +9 +43 +157 +299 +180 +187 +67 +279 +279 +67 +257 +339 +393 +49 +110 +131 +128 +48 +242 +198 +58 +368
+55 +143 +88 +356 +40 +185 +110 +171 +86 +254 +295 +146 +258 +194 +397 +266 +313 +93 +194 +177 +99 +27 +325 +29 +385 +121
+198 +382 +184 +382 +291 +273 +192 +106 +308 +162 +189 +23 +246 +280 +123 +93 +110 +76 +137 +369 +250 +86 +82 +97 +325 +107
+370 +210 +292 +209 +317 +220 +79 +330 +265 +276 +345 +217 +278 +21 +117 +95 +165 +114 +320 +239 +314 +258 +26 +99 +46 +175
+254 +359 +376 +309 +342 +287 +234 +227 +66 +302 +342 +13 +171 +194 +37 +351 +180 +74 +77 +150 +303 +223 +117 +77 +262 +107
+186 +365 +273 +361 +135 +67 +372 +327 +96 +84 +222 +46 +288 +99  +2 +176 +341 +14 +56 +307 +77 +250 +373 +297 +248 +255
+143 +260 +185 +159 +78 +232 +283 +309 +306 +27 +283 +146 +341 +148 +203 +19 +197 +259 +394 +68 +180 +53 +38 +349 +266 +276
+359 +278 +17  +6 +264 +375  +7 +169 +110 +147 +13 +55 +274 +266 +300 +283 +202 +110 +148 +109 +237 +375 +44 +118 +283 +347
