785203 788481 684053 847448 943468 855443 1135871 894973 821707 1280882 831069 869458 983086 1026731 715848 1174102 932056 777117 906684 699592 748356 1083872 854199 649225 545805 1089351 851357 754797
954974 926711 694457 871940 932951 879661 905734 917626 941102 1090887 840049 923680 889039 1102694 793492 1143896 992731 988629 1030945 887960 953956 1214437 824875 791412 539745 1169453 737159 943560
1245390 1068964 1060689 1049994 1163393 1070205 1349165 1069054 1196879 1458394 996426 1057175 1197985 1532710 1130541 1570673 1272165 1158351 1378885 1092632 1209329 1570939 1151787 1102582 700804 1347379 1108759 1026478
962593 880291 853843 1092565 1087956 1080118 1255549 1057348 1000918 1478313 1038054 972416 1126207 1196167 1011932 1434925 1150885 913080 1203571 844819 957017 1398187 955706 945004 751457 1216094 1105527 972985
1213467 897869 950056 1033041 1062805 1031985 1137880 1032140 1054692 1202041 935045 925704 1202355 1203917 900438 1282360 1224173 992272 1283850 948733 1123908 1330643 927855 857280 629519 1306917 898414 1021057
1283535 1157386 899194 1112282 1218802 1101049 1170834 970138 1223870 1382291 1032331 1109710 1141535 1328029 1105745 1327998 1196324 1153199 1337512 978264 1088919 1557729 993517 902016 686081 1433546 1023316 1221675
981230 948811 758066 1026314 1072353 918836 1248226 1031811 1176924 1365584 998635 1031635 1061537 1137328 948489 1387342 1033196 1014782 1041951 921465 962320 1348959 1008417 845662 745530 1402113 816835 1063432
1017830 843918 788189 1017225 968468 886673 1034419 924380 1035693 1150983 851059 954152 991611 1069592 864550 1164134 968302 951992 1143050 817954 891761 1189313 733104 800887 657259 1257950 834301 931050
863322 919060 727656 1137867 981540 907483 1101840 900309 973345 1271739 818710 962507 1098547 1071534 829989 1230962 907597 927537 1103189 823293 866116 1307365 756631 745941 705160 1348348 788369 986232
995178 806864 777379 1016300 933657 854662 1120745 954240 1107892 1209433 898841 929495 966253 980131 844970 1163069 976281 958506 1043318 786520 950817 1199097 923501 799586 627663 1127637 904313 991934
1082057 881546 807234 1042068 987503 966589 1191809 988779 1153322 1287878 919222 949859 1003081 1290369 950562 1302935 923594 1016445 1091989 986469 999488 1368155 804283 867912 639487 1432718 941986 966119
909236 723121 788304 929328 921249 823229 982543 787572 933483 1050512 910882 835509 891164 1083845 838537 1143227 856390 870391 919498 781490 886694 1209474 767753 813058 597170 1136605 875543 704311
1049196 763068 783506 954073 950177 833802 1091066 883993 1041412 1107488 814048 855051 1057458 1119079 885438 1322698 959490 905531 1011311 850459 955081 1368182 813052 807961 649588 1263072 812251 804650
1212974 953148 899558 1255378 1118561 1143617 1253792 1016422 1277031 1325953 953321 1087984 1173212 1222391 1062059 1396604 1039166 1058856 1248809 986714 1015366 1464106 926082 872265 721083 1454419 1012304 1138515
1074352 941875 900538 1048278 1076747 1002803 1302811 930761 1147765 1366860 947737 1159045 1151703 1231380 1047752 1315106 1025626 1034038 1086577 866705 1011322 1555773 922409 869322 579017 1315887 1018390 864375
770571 776426 724668 875717 954827 689048 1104253 689127 902931 1184032 784521 806351 819967 1037851 714815 1074642 827056 865437 957233 699638 735215 1078850 808116 791122 620690 1011061 897896 667929
1107510 1076701 955670 1008742 1155731 956150 1276056 846116 1146403 1308175 951151 1118954 1036100 1248761 1040134 1394105 1085194 1147485 1314960 931752 1075746 1537254 1020142 994140 756358 1397946 938435 898803
1183738 939855 868781 1072040 1159516 996902 1282887 927145 1193848 1262486 902763 1017761 1190667 1300872 1027290 1467470 1014547 1054844 1213748 952026 990370 1460808 933722 1002641 689182 1332321 943535 981591
1014226 815866 782926 971279 1034596 1033628 1062311 985084 1087171 1123069 828663 885637 1050539 1165018 924087 1232418 999617 892813 1279511 936013 900511 1174802 810968 798256 600588 1172427 746079 1026804
1248237 1145880 946869 1249295 1191456 1238139 1269921 1087739 1302630 1422812 938818 1180985 1172086 1458377 1047079 1402726 1213829 1193034 1473923 1092332 1091715 1640180 1042121 1005054 740422 1468444 991173 1197697
1030500 967066 811484 1138012 1096365 958851 1151310 979997 1134530 1403057 1007783 917614 1107229 1271587 822537 1234460 1197792 944968 1218419 910434 995491 1388573 1010360 912837 751771 1242096 926398 1066625
875450 754424 647005 737231 768118 729299 930537 687157 862893 1022969 722733 814453 890334 1040428 921575 993815 792264 780625 924650 654936 782948 1226520 664871 799821 550327 928446 835868 654187
1039119 933701 875405 998026 1150249 909148 1176786 987058 1047696 1468709 1042239 1078138 1163213 1202268 908221 1245359 1057394 1024743 1174591 743715 983714 1435448 1000020 869122 653639 1287974 1048076 959206
1126728 968200 960316 1127781 1149186 1096222 1174396 1017504 1061458 1434729 928131 1021945 1130146 1260193 976987 1353815 1186147 1085036 1304424 973740 1018002 1409147 1146785 902406 698398 1289266 944816 1145610
690529 605735 486797 693024 594110 655591 660262 665855 778297 740100 587086 645301 710509 715002 585242 798348 649291 610564 764711 544564 674449 967036 492114 504936 444127 874387 558147 676431
1170491 930037 823368 1060297 973599 1086164 1211576 1026754 1222090 1191293 861321 1008246 1140827 1225790 1051831 1310662 1068778 1060420 1150589 1012372 958999 1427586 889368 992151 816343 1350283 802514 1075272
1225009 1094494 946091 1149274 1135945 1158297 1273461 1107714 1244970 1434586 851632 1123146 1245308 1366756 933659 1389319 1150686 1174609 1286959 1011785 1008781 1516361 1060801 908899 733600 1399254 1009937 1129639
1254977 1100172 1032543 1279312 1236500 1045829 1396536 864825 1366258 1395339 942046 1196294 1171107 1214062 1110188 1477794 1031517 1230676 1461666 1015909 1115406 1530034 1022210 1027769 841410 1543948 1037549 1139721
