30 30
+132 +136 +153 +354 +366 +359 +75 +343 +119 +41 +147 +31 +46 +131 +398 +43 +141 +314 +197 +156 +399 +152 +54 +81 +91 +205 +93 +16 +89 +375
+322 +192 +158 +336 +112 +186 +336 +387 +33 +252 +322 +307 +50 +208 +164 +349 +397 +112 +348  +1 +136 +370 +42 +269 +19 +164 +305 +286 +298 +214
+59 +334 +238 +130 +215 +141 +147 +111 +234 +212 +23 +319 +66 +246 +393 +174 +82 +243 +357 +22 +316 +224 +374 +397 +25 +212 +32 +59 +187 +388
+332 +356 +130 +214 +341  +0 +136  +5 +247 +207 +174 +120 +255 +167 +397 +321 +145 +159 +267 +100 +133 +84 +282  +6 +48 +286 +206 +285 +322 +298
+49 +225 +143 +252 +83 +331 +97 +264 +153 +274 +187 +103 +381 +317 +282 +299 +331 +171 +253 +160 +11 +56 +97 +188 +136 +42 +386 +222 +316 +72
+342 +321 +232 +111 +240 +34 +79 +391 +63 +19  +5 +230 +397 +329 +89 +311 +36 +395 +314 +206 +346 +270 +222 +26 +177 +215 +259 +173 +32 +228
+231 +323 +143 +356 +69 +274 +228 +233 +27 +68 +220 +15 +289 +137 +267 +311 +197 +184 +242 +36 +284 +275 +219 +23 +255 +290 +386 +207 +308 +214
+77 +228 +242 +10 +240 +382 +161 +234 +127 +335 +311 +255 +254 +113 +35 +169 +339 +310 +76 +276 +74 +345 +156 +115 +302 +97 +31 +140 +80 +49
+240 +382 +325 +124 +385 +389 +269 +249 +372 +270 +110 +115 +26 +323 +212 +86 +331  +1 +152 +194 +330 +115 +322 +286 +197 +251 +141 +10 +273 +329
+283 +310 +221 +98 +340 +54 +297 +166 +362 +81 +26 +131 +187 +263 +365 +103 +163 +176 +264 +352 +220 +102 +391 +239 +191 +368 +324 +306 +303 +161
+339 +46 +115 +20 +300 +211 +109 +306 +199 +299 +258 +218 +60 +60 +286 +243 +22 +43 +146 +197 +56 +218 +230 +296 +110 +201 +27 +378 +200 +209
+291 +236 +57 +69 +64 +74 +365  +1 +148 +101 +238 +67 +58 +177 +182 +382 +234 +84 +185 +297 +278 +97 +108 +235 +305 +108 +16 +154 +379 +222
+380 +58 +91 +297 +149 +61 +302 +286 +44 +122 +367 +301  +4 +185 +201 +391 +147 +143  +0 +179 +267 +136  +7 +67 +282 +251 +130 +120 +238 +45
+105 +118 +383 +117 +307  +9 +96 +398 +201 +342 +267  +7 +13 +218 +341 +117 +160 +331 +163 +311 +346 +365 +144 +325 +289 +340 +182 +89 +221 +56
+285 +149 +264 +145 +109 +253  +0 +284 +281 +139 +305 +87 +221 +230 +138 +241 +36  +3 +358 +171 +268 +138 +245 +190 +242 +382 +381 +362 +235 +176
+47 +188 +255 +208 +236 +378 +213 +352 +92 +62 +38 +308  +0 +383 +345 +112 +94 +369 +332 +282 +258 +65 +56 +265 +121 +327 +204 +11 +30 +283
+90 +188 +356 +142 +136 +161 +143 +222 +99 +345 +323 +136 +279 +82 +286 +306 +100 +98 +69 +376 +207  +4 +51 +57 +69 +221 +156 +77 +24 +340
+362  +9 +310 +298 +133 +156 +334 +289 +239 +284 +147 +381 +10 +73 +85 +273 +201 +370 +198 +174 +307 +35 +307 +150 +84 +116 +220 +336 +203 +212
+130 +382 +93 +380 +38 +289 +258 +119 +383 +26 +26 +279 +126 +90 +273 +199 +24 +114 +297 +80 +225 +49 +357 +147 +14 +182 +194  +8 +31 +338
+22 +217 +357 +93 +344 +257 +28 +254 +39 +375 +164 +195 +119 +295 +315 +123 +276 +393 +81 +229 +133 +207 +188 +333 +51 +240 +105 +237 +307 +286
+196 +52 +266 +303 +268 +319 +201 +74 +134 +355 +398 +186  +2 +49 +208 +316 +11 +391 +190 +68 +328 +55 +373 +99 +285 +346 +291 +68 +46 +372
+126 +283 +224 +361 +98 +385 +310 +68 +122 +235 +95 +127 +234 +346 +150 +226 +29 +339 +305 +264 +25 +335 +246 +350 +155 +342 +375 +323 +56 +279
+166 +129 +177 +244 +77 +246 +75 +360 +370 +322 +71 +61 +303 +320 +118 +197 +110  +9 +140 +209  +5 +72 +271 +301 +26 +318  +5 +196 +281 +75
+38 +397 +28 +345 +290 +184 +162 +331 +207 +257 +46 +278 +324 +46 +89 +261 +375 +154 +78 +138 +32 +122 +165 +262 +188 +133  +5 +345 +307 +295
+41 +337 +330 +46 +224 +142 +394 +186 +170 +360 +43 +389 +75 +73 +252 +267 +161 +186  +7 +55 +271 +387 +27 +50 +372 +31 +356 +326 +162 +18
+171 +270 +304 +22 +127 +340 +322 +328 +24 +199 +30 +243 +136 +102 +139 +365 +297 +235 +367 +179 +357 +241 +168 +342 +109 +299 +269 +186 +293 +395
+315 +278 +239 +384 +55 +99 +42 +258 +284 +392 +228 +11 +397 +236 +303 +344 +228 +240 +123 +155 +48 +65 +375 +68 +278 +210 +384 +126 +344 +93
+343 +76 +51 +155 +242 +393 +242 +113 +323 +33 +53 +326 +152 +244 +396 +201 +353  +1 +303 +361 +129 +185 +70 +316 +211 +349 +128 +205 +99 +356
+146 +261 +142 +173 +164 +249 +280 +59 +231 +139  +6 +241 +148 +369 +389 +290 +121 +253 +15 +243 +163 +388 +115 +105 +192 +79 +28 +158 +394 +247
+276 +81  +3 +345 +202 +363 +201 +275 +247 +109 +189 +383 +396 +83 +30 +236 +11 +331 +213 +384 +164 +95 +201 +41 +319 +293 +305 +90 +398 +312
