1354240 966038 1335647 1304789 1077730 1194284 1216776 1322711 710246 1050475 1067733 1364114 1057715 1277275 1413049 1081163 1017433 1076797 1056229 949743 1186975 1256238 995150 992441 857920 1054107 949975 984574 1239199 1368340 1254931 1158526 1114195 1430552
1504464 1193238 1414146 1437365 938224 1445409 1249023 1535839 956642 1288513 1194272 1522899 1237511 1289759 1554580 1197413 1131555 1252487 1222798 1140638 1488233 1361039 1131678 1021213 1109118 1195061 1091956 1098378 1418171 1321148 1292303 1002372 1336575 1489616
1408704 1262056 1540643 1409307 1268782 1444217 1279969 1547628 1118626 1221093 1259969 1596120 1275692 1392731 1764734 1326132 1199166 1413003 1308064 1056472 1511695 1505651 1156259 1026993 1089739 1305108 1162364 1049785 1405403 1442093 1356812 1297697 1467687 1495960
1293164 1164934 1395278 1383955 1108500 1341376 1219680 1460196 836926 1102815 1130632 1429025 1299111 1280471 1546067 1023178 1082321 1197032 1162526 1121278 1394237 1412414 1063207 931576 944924 1212288 967957 1099020 1133972 1368744 1313092 1128413 1121543 1401006
1553604 1300874 1646116 1608967 1373190 1544004 1340074 1573203 987894 1234610 1304625 1746649 1393468 1449412 1884380 1433790 1303131 1442190 1280622 1345702 1738167 1426489 1185048 1294863 1332434 1533313 1173629 1247869 1510059 1698100 1603185 1382014 1456838 1655051
1684814 1356150 1461629 1608933 1272038 1715654 1466298 1626940 1174016 1277591 1373918 1792383 1351443 1656811 1660920 1353971 1121920 1470893 1349072 1270650 1559230 1552730 1297277 1137704 1075572 1463893 1118497 1226373 1438875 1713511 1481423 1439780 1332297 1764503
1531956 1305430 1524077 1690534 1380942 1647231 1559890 1557891 1152822 1236562 1464551 1745432 1385003 1398398 1827134 1334400 1303968 1521898 1295880 1311734 1651514 1600627 1344750 1204212 1267326 1530447 1202141 1210380 1558048 1713381 1724734 1372212 1448075 1632854
1454803 1411366 1469946 1412310 1257306 1478335 1204030 1512624 1015781 1297597 1308617 1667848 1327145 1562062 1664231 1366646 1180759 1125554 1199549 1206272 1507341 1496687 1298180 994274 1044230 1352245 1246257 1256708 1533045 1561957 1406140 1358659 1227502 1461372
1617103 1334502 1496624 1610125 1224226 1631348 1542294 1664484 946099 1205772 1426123 1575292 1432715 1565119 1675042 1300321 1181350 1335240 1254012 1091002 1536785 1641323 1311215 1019393 1001579 1307624 1140755 1113224 1384616 1746233 1509049 1363444 1262956 1536910
1545927 1391597 1603335 1542484 1169097 1661997 1442154 1685887 1079361 1273985 1477932 1632067 1284128 1523558 1776614 1312939 1304183 1423932 1392746 1154811 1554823 1437614 1252238 1072655 1198579 1441365 1136456 1126779 1402067 1615210 1483903 1458820 1518279 1523327
1564419 1350768 1473161 1402636 1135999 1552502 1452880 1547482 1108049 1200929 1299036 1534017 1205998 1375483 1480798 1236048 1178436 1384229 1323789 1097468 1416426 1621782 1165453 1003646 1127128 1397045 1234163 1237124 1402647 1567527 1341980 1225320 1419016 1482269
1446536 1434743 1565140 1515797 1267891 1630905 1343973 1624596 1072345 1369365 1522196 1748739 1231468 1629889 1663691 1503327 1234049 1338830 1318072 1096723 1586122 1386771 1320322 1170085 1281534 1388447 1275466 1106423 1610779 1553262 1519162 1311224 1363174 1344528
1695523 1372715 1458543 1611160 1341048 1513963 1328198 1564181 1023468 1453337 1484486 1600515 1500101 1676632 1756599 1266234 1292398 1249151 1385967 1343379 1514869 1687242 1193147 1061258 1093658 1318112 1194295 1276783 1507464 1566444 1477059 1354992 1287466 1666378
1645393 1328120 1479303 1441444 1216781 1469933 1302192 1658495 1024525 1160051 1292122 1466673 1324148 1493682 1759890 1242386 1238080 1372504 1258883 1096451 1523747 1517173 1197273 1030385 1152011 1284846 1141129 1096054 1537751 1527650 1402587 1220432 1296638 1628658
1527850 1194639 1528375 1543783 1366984 1550499 1390619 1556364 1014181 1191720 1350606 1719370 1411641 1517059 1698167 1331020 1132996 1410681 1457187 1296263 1553044 1476244 1171025 1106260 1061704 1411004 1204389 1403463 1439840 1556090 1567453 1455465 1277546 1612333
1447032 1282361 1327397 1442476 1188293 1458528 1298835 1464876 1007425 1242990 1281111 1409619 1157427 1498891 1552780 1126281 1085307 1303795 1199151 1162745 1307374 1355873 1100765 1087628 1157923 1320655 1040061 1069772 1391419 1362013 1385547 1160145 1177861 1589196
1436111 1409837 1609332 1509482 1299087 1529160 1419993 1538195 1171255 1333157 1342645 1691366 1359259 1477607 1737711 1205270 1333141 1303832 1272457 1323744 1633112 1552824 1350043 1105314 1070485 1476344 1151580 1214296 1480414 1631241 1469651 1265127 1463478 1515994
1394085 1267839 1626178 1318960 1145654 1440811 1385359 1470049 1002933 1159056 1204517 1458451 1185528 1278465 1651599 1207561 1264694 1254356 1226824 1016706 1460021 1328821 1098037 1042567 1224046 1381050 1303742 1050316 1449042 1564529 1443803 1119191 1507960 1283604
1646460 1475519 1503606 1628798 1374641 1726175 1398513 1697278 1167410 1405602 1561161 1740161 1306282 1690765 1631482 1392802 1207434 1380094 1431401 1358536 1487511 1610053 1364017 1209529 1170137 1517345 1290032 1254251 1545997 1648373 1474307 1343196 1365159 1641248
1213912 1143512 1437893 1445636 1211001 1319104 1321913 1447271 1028389 1211023 1198098 1540170 1169146 1433973 1635119 1224552 973865 1394220 1277829 1181353 1350193 1301849 1094280 1083844 986080 1353686 1224687 1073930 1378201 1335767 1414574 1225486 1188679 1442791
1601212 1301051 1557339 1623103 1287330 1616848 1446981 1546044 1015650 1454916 1545494 1678308 1339238 1641836 1862428 1381656 1363215 1473068 1347233 1230721 1652121 1474347 1354646 1255130 1281315 1398257 1166357 1246241 1583964 1631010 1556757 1294191 1455961 1616171
1410068 1281267 1523135 1344373 1197576 1484705 1222752 1485534 839057 1012462 1190927 1531862 1279566 1346542 1549518 1020219 1255578 1307459 1230804 1219372 1493762 1419519 1046059 984523 1024649 1330275 975699 1079375 1231275 1451678 1287201 1111692 1269726 1508844
1469878 1241733 1505151 1356851 1215519 1337762 1223002 1520865 1059200 1219967 1313627 1571533 1116939 1407413 1717996 1375690 1183124 1257628 1220706 1154719 1401706 1391399 1150029 1038134 1002935 1375505 1301575 1097249 1440021 1458754 1463378 1329745 1254668 1450509
1631258 1366528 1612576 1627466 1459622 1542054 1499707 1815571 1151798 1421395 1544630 1787714 1406017 1701323 1845521 1520173 1296152 1463917 1458844 1261079 1665491 1644918 1457829 1301012 1157916 1532967 1355655 1175804 1610744 1718267 1544716 1343929 1313194 1724452
1422146 1359805 1532872 1520264 1278001 1390945 1200225 1617138 949504 1267355 1327635 1476950 1269088 1441927 1706728 1166111 1349565 1242070 1275874 1249248 1486479 1529567 1131702 1116919 1072420 1327641 1053743 1098740 1350910 1431860 1330148 1180951 1146369 1440110
1247195 1034087 1356318 1315310 1108955 1408444 1177416 1242949 843398 1132168 1252558 1400836 973742 1304485 1449542 1128647 1058337 1049515 1226432 1099482 1161088 1299659 1089915 922225 873753 1166432 934296 1074192 1090513 1372487 1220140 1144828 983132 1218682
1714490 1455864 1728029 1707007 1339676 1690538 1388518 1817474 1144884 1390490 1546440 1768564 1442213 1583245 1926809 1509872 1370128 1427385 1455802 1403909 1729513 1614658 1387996 1257875 1318441 1570292 1369607 1280407 1640833 1826545 1547007 1449517 1512413 1744152
1881120 1555425 1795238 1826727 1430973 1848973 1690199 1938147 1191783 1586629 1639133 1908718 1546108 1840752 2084981 1541381 1418001 1468815 1471393 1459869 1833661 1782436 1498903 1307047 1225742 1623326 1352999 1342727 1709561 1953245 1811274 1508439 1458064 1796053
1618558 1329786 1532160 1352282 1196164 1485210 1249586 1556623 1063865 1217978 1277101 1523675 1114849 1416440 1520735 1261292 1266748 1238070 1251566 1114841 1379121 1512024 1265858 1073613 975567 1286402 1196076 1174355 1423522 1537581 1246581 1136733 1272316 1498515
1585098 1286776 1382428 1632313 1258320 1576546 1509670 1628588 955214 1391794 1367610 1550229 1422866 1503512 1812309 1241769 1274841 1409434 1352336 1135297 1498588 1624015 1211413 1126102 1129911 1363308 1094592 1212907 1353540 1486928 1489697 1190163 1421834 1598695
1494472 1425592 1667785 1500088 1269922 1579345 1334706 1625165 1125984 1328493 1369959 1597611 1210201 1585861 1675207 1307180 1303483 1422468 1278562 1099955 1535551 1548207 1142021 1092281 1067084 1311274 1222991 1092308 1367239 1611494 1333058 1279614 1430914 1509513
1207039 901959 1171497 1079352 980401 1175483 1063068 1195917 812811 916419 1082281 1232059 1000556 1227232 1307831 1052784 836944 1012873 1094415 879917 1115312 1006272 999120 851339 903627 1083204 846599 801523 1159157 1191819 1165826 1052375 975377 1239866
1602791 1343840 1541258 1540872 1334667 1535155 1418218 1646688 1097143 1154645 1535951 1633291 1406028 1502804 1793299 1419532 1185129 1525643 1441811 1320819 1634269 1505240 1332295 1142640 1240066 1565159 1241830 1101294 1477547 1661100 1532435 1434027 1368945 1706815
1497418 1222829 1537644 1422293 1216253 1543150 1362723 1634154 1053449 1289568 1461608 1620217 1278639 1540381 1681988 1416648 1107287 1269930 1491395 1238102 1487344 1374619 1148981 1115969 1119956 1364642 1143380 1119714 1451356 1408369 1465662 1232520 1135091 1531236
