11 11
+35 +221 +186 +360 +70 +71 +10 +395 +377 +389 +47
+113 +74 +385 +321 +52 +122 +155 +346 +253 +20 +356
+145 +384 +382 +290 +247 +71 +105 +370 +186 +23 +177
+113 +107 +388 +328 +296 +225 +288 +225 +109 +356 +168
+183 +252 +139 +291 +107 +209 +284 +194 +97 +198 +147
+39 +287 +207 +273 +135 +85 +196 +214 +377 +286 +256
+21 +391 +309 +275 +229 +319 +248 +356 +248 +322 +203
+232 +370 +155 +12 +295 +208 +113 +102 +341 +23 +269
+84 +137 +107 +256 +194 +163 +341 +377 +59 +367 +315
+195 +145 +294  +4 +143 +321 +112 +249 +181 +68 +83
+130 +18 +154 +301 +274 +186 +87 +268 +23 +22 +252
