24 24
+306 +60 +261 +24 +51 +371 +71 +256 +83 +267 +38 +346 +141  +4 +293 +29 +317 +128 +361 +396 +133 +161 +363 +285
+281 +19 +229 +104 +334 +339 +70 +194 +211 +353 +22 +243 +288 +344 +352 +106 +187  +7  +5 +27 +288 +327 +295 +12
+342 +101 +394 +107 +339 +98 +368 +131 +246 +364 +381 +143 +153 +306 +165 +230 +66 +122 +84 +346 +10 +38 +182 +337
+399 +233 +162 +158 +398 +203 +126 +71 +53 +36 +200 +160 +318 +294 +368 +383 +68 +180 +291 +251 +372 +56 +103 +392
+16 +207 +69 +243 +69 +149 +185 +334 +194 +285 +108 +398 +213 +215 +176 +331 +137 +251 +64 +224 +364 +205 +147 +61
+18 +359 +151  +1 +17 +110 +298 +88 +189 +82 +317  +9 +364 +329 +293 +18 +298 +260 +78 +240 +189 +278 +78 +396
+12 +260 +32 +246 +102 +157 +246 +307 +253 +193 +98  +0 +236 +213 +355 +20 +36 +49 +48 +169 +233 +126 +302 +189
+136 +223 +76 +349 +384 +136 +21 +332 +184 +294 +25 +30 +305 +344 +273 +127 +216 +65 +360 +57 +52 +44 +70 +347
+161 +201 +331 +186 +15 +195 +117  +1 +281 +332 +61 +378 +64 +361 +18 +174 +319 +193 +271 +108 +71 +371 +324 +68
+135 +212 +37 +261 +70 +59 +339 +284 +343 +86 +69 +18 +342 +375 +77 +81 +335 +277 +166 +378  +0 +352 +80 +205
+92 +13 +219 +26 +89 +289 +102 +123 +49 +362 +164 +51 +222 +296 +43 +152 +130 +269 +112 +57 +82  +7 +390 +84
+180 +283 +210 +180 +137 +144 +241 +387 +82 +176 +81 +332 +209 +398 +325 +93 +90 +73 +387 +373 +236 +377  +4 +32
+284 +68 +226 +53 +317 +184 +273 +245 +196 +160 +111 +36 +152 +134 +148 +262 +374 +69 +71 +225 +389 +344 +69 +244
+219 +155 +330 +123 +35 +17 +246 +295 +26 +385 +368 +132 +364 +62 +156 +29 +121 +321 +320 +335 +248 +259 +239 +64
+207 +260 +15 +367 +122 +278 +43 +187 +195 +351 +298 +388 +116 +160 +314 +79 +384 +27 +26 +201 +114 +192 +360 +363
+94 +215 +244 +53 +220 +288 +58 +127 +11 +58 +47 +192 +215 +29 +240 +236 +305 +86 +398 +315 +164 +174 +24 +392
+17 +50 +138 +221 +327 +388 +40 +294 +208 +226 +236 +200 +236 +138 +166 +221 +23 +180 +138 +338 +232 +162 +228 +102
+114 +141 +53 +243 +94 +60 +348 +145  +1 +72 +21 +397 +38 +22 +382 +321 +245 +63 +99 +52 +55 +347 +268 +305
+305 +117 +346 +265 +274 +119 +254 +260 +192 +274 +310 +47 +265 +184 +115 +88 +347 +63 +371 +72 +192 +306 +370 +362
+34 +252 +254 +180 +94 +44 +377 +20 +267 +74 +142 +149  +6 +334 +47 +271 +368 +315 +55 +272 +288 +332 +145 +12
+159 +155 +107 +178 +366 +265 +351 +53 +20 +260 +123 +98 +363 +103 +391 +12 +347 +96 +101 +230 +124 +96 +40 +163
+160 +177 +196 +308 +241 +74 +38 +276 +319 +338 +180 +28 +344 +300 +152 +335 +318 +99 +397 +235  +2 +81 +54 +167
+122 +208 +35 +242 +274 +358 +229 +252 +48 +332 +82 +93 +353 +342 +152 +129 +127 +10 +66 +224 +327 +105 +300  +1
+51 +28 +178 +316 +41 +278 +392 +385 +329 +396 +234 +69 +43 +252 +169 +144 +227 +266 +257 +218 +56 +390 +15 +156
