538093 436617 404359 377057 424639 218524 293736 506319 402821 402227
438184 331171 384985 334446 365648 184740 265908 410228 411574 319199
482494 461527 467109 373370 435740 249035 322225 521234 406627 419294
584161 475279 499517 440418 501916 225452 301024 551899 446319 444273
635926 543520 633408 548117 614024 411439 383223 645583 704019 517884
497344 511035 470436 407278 481365 386705 304352 550496 496484 460053
612569 503251 508963 508230 466637 362537 404875 579914 568457 423235
564347 435871 476913 435221 430791 320336 310888 514527 494638 401371
601030 525204 554251 499455 430803 314392 407520 560528 463812 456832
642797 556529 520365 504201 536593 390970 456834 631607 675149 533085
