32 32
+381 +63 +275 +200 +197 +126 +392 +136  +7 +36 +169 +351 +379 +243 +146 +293 +338 +183 +115 +54 +119 +39 +266 +247 +233 +239 +124 +393 +356 +50 +115 +246
+252 +383 +318 +357 +111 +340 +158 +361 +375 +53 +101 +289 +273 +261 +355 +254 +78 +73 +63 +361 +70 +181 +330 +141 +105 +93 +282 +204 +374 +323 +83 +43
+284 +10 +165 +367 +225 +270 +147 +281 +309 +82 +358 +218 +377 +87 +197 +107 +151 +78 +342 +225 +61 +38 +27 +56 +67 +301 +40 +374 +379 +331 +376 +296
+48 +171 +398 +309 +182 +275 +289 +340 +48 +173 +198 +54 +342 +158 +360 +208 +334 +360 +176 +176 +175 +277 +162 +210 +302 +205  +7 +133 +80 +289 +22 +273
+163 +253 +318  +6 +191 +371 +125 +135 +122 +276 +124 +234 +355 +188 +377 +316 +33 +315 +68 +276 +233 +54 +230 +304 +324 +182 +263 +12 +169 +70 +191 +166
+347 +383 +319 +182 +252 +118 +135 +318 +184  +6 +265 +57 +10 +118 +174 +245 +140 +105 +322 +233 +295 +242 +387 +272 +89 +45 +217 +392 +120 +119 +397 +79
+355 +136 +134 +356 +279  +9 +69 +158 +392 +396 +196 +240 +312 +107 +291 +225 +258 +179 +28 +80 +206 +102 +57 +250 +316 +152 +183 +308 +37 +11 +342 +255
+188 +82 +211 +66 +166 +24 +272 +368 +229 +54 +383 +365  +8 +194 +76 +129 +244 +152 +66 +107 +257 +209 +236 +395 +81 +45 +210 +207 +109 +150 +58 +81
+185 +365 +46 +18 +245 +268 +138 +284 +215 +12 +182 +28 +23 +180 +309 +58 +101 +179 +50 +154 +341 +188 +205 +29 +125 +149 +65 +314 +392 +66  +0 +21
+142 +257 +168 +273 +247 +216 +330 +121 +87 +298 +244 +298 +153 +118 +166 +232 +146 +246 +296 +377 +346 +219 +202 +59 +344 +279 +54 +294 +320 +358 +257 +37
+30 +146 +397 +358 +25 +179 +298 +247 +268 +375 +370 +354 +115 +329 +249 +326 +99 +204 +140 +190 +371 +213 +391 +112 +353 +84 +388 +48 +86 +194 +310 +191
+333 +190 +335 +393 +214 +86 +92 +80 +216 +77 +293 +112 +252 +245 +255 +73 +345 +74 +299 +338 +141 +330 +337  +4 +338 +284 +49 +251 +100 +393 +208 +203
+28 +215 +363 +111 +346 +220 +142 +305 +195 +196 +294 +283 +393 +108 +348 +323 +61 +336 +125 +362 +290 +304 +388 +78 +36 +391 +204 +195 +349 +345 +193 +273
+322 +261 +123 +179 +394 +51 +120 +44 +242 +85 +291 +237 +257 +345 +306 +275 +89 +356 +112 +384 +58 +87 +222 +223 +161 +238 +344 +100 +208 +76 +339 +366
+65 +230 +28 +79 +135 +262 +180 +121 +280 +26 +356 +139 +45 +39 +138 +273 +120 +297 +115 +265 +38 +222 +286 +170 +201 +67 +276 +389 +209 +201 +83 +377
+210 +311 +54 +21 +87 +317 +96 +144 +119 +263 +155 +327 +392 +395 +233 +82 +239 +201 +318 +60 +256 +190 +266 +291 +206 +345 +145  +9 +362  +0 +219 +302
+164 +18 +220 +250 +121 +259 +180 +226 +196 +169 +294 +299 +232 +61 +104 +319 +98 +374 +81 +329 +269 +216 +252 +305  +7  +0 +92 +385 +397 +113 +344 +167
+350 +36 +350 +27 +274 +362 +39 +374 +333 +62 +271 +141 +306 +196 +50 +237 +50 +195 +37 +351 +94 +201 +21 +365  +2 +177 +395 +258 +48 +150 +369 +256
+305 +378  +3 +95 +202 +284 +332 +329 +116 +272 +208 +100 +24 +60 +274 +129 +354 +10 +231 +29 +163 +209 +12 +283 +298 +359 +29 +94  +1 +31 +270 +222
+58 +77 +345 +326 +54 +200 +44 +167 +278 +368 +281  +4 +154 +156  +7 +189 +177 +33 +222 +210  +4 +21 +338 +92 +123 +307 +368 +56 +146 +236 +182 +256
+304 +16 +48 +103 +245 +178 +324 +390 +189 +67 +381 +353 +321 +290 +332 +102 +248 +368 +14  +5 +317 +46 +280 +192 +363 +175 +193 +59 +355 +32 +11 +15
+167 +91 +74 +250  +5 +172 +43 +236 +308 +201 +356 +48 +334 +387 +201 +21 +302 +46 +380 +295 +377 +32 +21 +261 +183 +165 +158 +337 +82 +398 +67 +189
+380 +142 +211 +45 +167  +6 +299 +283 +281 +378 +313 +386 +369 +295 +16 +46 +386 +254 +77 +65 +364 +124 +306 +258 +132 +46 +298 +126 +193 +180 +85 +47
+155 +366 +103 +391 +158 +277 +246 +139 +352 +348 +162 +42 +139 +148 +285 +118 +219 +124 +311 +63 +213 +152 +60 +39 +18 +180 +138 +250 +391 +379 +383 +238
+323 +33 +202 +305 +321 +64 +194 +113 +34 +226  +9 +280 +208 +32 +317 +187 +210 +223 +162 +354 +20 +245 +342 +170 +73 +246 +94 +249 +28 +261 +12 +114
+394 +109 +398 +25 +170 +77 +260 +185 +390 +55 +86 +82 +107 +309 +68 +279 +126 +361 +33 +163 +247 +204 +366 +354 +373 +44 +99 +367 +345 +147 +265 +140
+359 +215 +87 +313 +215 +85 +149 +186 +112 +68 +249 +84 +136 +322 +295 +367 +281 +285 +132 +207 +134 +296 +155 +223 +102 +65 +210 +57 +175 +50 +28 +136
+337 +192 +286 +57 +234 +105 +330 +341 +53 +156  +4 +131 +322 +190 +217 +42 +42 +135 +221 +68 +166 +333 +229 +90 +22 +308 +376 +373 +193 +25 +164 +256
+365 +277 +354 +299 +374 +221 +99 +165 +337 +66 +318 +186 +340  +2 +176 +331 +308 +188 +90 +202 +287 +121 +292 +334 +123 +103 +359 +328  +0 +371 +314 +142
+271 +242 +130 +153 +48 +328 +388 +83 +281 +268 +150 +201 +325 +97 +110 +104 +350 +138 +168 +297 +128 +225 +373 +286 +37 +172 +339 +122 +384 +70 +313 +354
+47 +21 +325 +343 +388 +23 +311 +138 +399 +144 +334 +48 +104 +25 +156 +82 +14 +282 +288 +113 +334 +303 +66 +54 +59 +258 +377 +92 +378 +134  +1 +238
+133 +202 +110 +123 +46 +331 +175 +287 +50 +41 +95 +85 +364 +278 +168 +167 +297 +167 +317 +89 +112 +202 +172 +314 +324 +311 +196 +110 +233 +246 +30 +73
