30 30
+378 +393 +252 +253 +242 +276 +73 +348 +270 +321 +377 +399 +156 +309 +154 +111 +17 +396 +163 +96 +272 +372 +193 +322 +175 +56 +280 +143 +62 +145
+306 +325 +192 +366 +299 +158 +154 +159 +287 +140 +162 +309 +50 +390 +279 +115 +264 +309 +142 +341 +294 +187 +332 +223 +72 +77 +348 +396 +17 +275
+38 +145 +183 +368 +251 +95 +251 +354 +302 +98 +334 +244 +281 +179 +205 +341 +398 +182 +164 +373 +154 +24 +298 +258 +349 +272 +235 +124 +105 +125
+187 +131 +356 +200 +362 +259 +332 +280 +259 +154 +227 +252 +177 +333 +356 +146 +321 +48 +181 +43 +200  +1 +280 +36 +60 +292 +171 +359 +251 +379
+366 +79  +2 +123 +218 +314 +399 +47 +114 +130 +298 +71 +258 +172  +8 +352 +255 +306 +13 +259 +260 +246 +332 +158 +252 +218 +311 +158 +94 +205
+146 +214 +140 +50 +280 +149 +386 +88 +364 +263 +60 +45 +176 +356 +170 +263 +74  +2 +79 +62 +368  +9 +35 +390 +103 +110 +13 +339 +77 +157
+386 +79 +310 +128 +254 +59 +313 +390 +353 +340 +255 +391 +36 +131 +245 +210 +137 +199 +73 +42 +236 +300 +36 +44 +41 +324 +34 +367 +54 +126
+147 +167 +256 +355 +342 +17 +358 +170 +226 +185 +30 +44 +213 +33 +45 +316 +205 +53 +117 +125 +299 +142 +253  +2 +331 +300 +149 +169 +86 +163
+31 +90 +249 +326 +145 +359 +275 +237 +355 +173 +139 +248 +328 +194 +363  +0 +14 +368 +368 +253 +394 +57 +212 +331 +338 +254 +70 +146 +260 +313
+42 +311 +246 +298 +101 +87 +341 +169 +368 +314 +207 +110 +322 +25  +7 +56 +181 +307 +274 +160 +166 +350 +262 +167 +246 +248 +253 +14 +252 +78
+169 +69 +338 +149 +267 +67 +143 +36 +337 +20 +247 +239 +102 +272 +372 +38 +222 +224 +271 +123 +274 +214 +165 +282 +146 +241 +352 +138 +191 +297
+213 +23 +86 +244 +67 +251 +197 +30 +393  +0 +224  +0 +294 +270 +53 +99 +128 +17 +249 +80 +267 +168 +305 +133 +236 +393 +155 +280 +105 +179
+174 +139 +39 +266 +310 +90 +224 +128 +121 +322 +313 +173 +308 +284 +381 +235 +281 +271 +181 +155 +18 +364 +133 +41 +151 +207 +293 +274 +192 +100
+185  +1 +244 +238 +125 +349 +258 +332 +344 +399 +102 +200 +287 +118 +179 +126 +22 +149 +189 +50 +123 +233 +78 +244 +74 +165 +57 +197 +219 +10
 +6 +228 +150 +184 +256 +297 +313 +49 +201 +147 +318 +207 +50 +88 +342 +77 +86 +255 +319 +58  +5 +79 +347 +399 +289 +30 +82 +288 +209 +90
+353 +283 +253 +17 +21 +229 +289 +280 +154 +260 +370 +92 +18 +29  +4 +353 +130 +274 +17 +301 +222 +326 +35 +27 +247 +202 +364 +137 +144 +28
+89 +271 +139 +398 +250 +279 +267 +365 +398 +172 +222 +102 +157 +158 +146 +234 +79 +274 +374 +90 +70 +67 +333 +36 +29 +11 +203 +222 +341 +337
+24 +121 +320 +300 +364 +187 +67 +361 +246 +399 +190 +137 +124 +360 +111 +392 +159 +37  +8 +255 +25 +97  +6 +51 +354 +182 +39 +311 +28 +16
+85 +192 +155 +73 +377 +33 +363 +312 +216 +343 +89 +73 +164 +59 +160 +28 +38 +198 +113 +338 +328 +280 +106  +5 +305 +235  +8 +311 +137 +206
+45 +313 +15 +182 +120 +75 +340 +264 +398 +394 +283 +214 +367 +82 +19 +309 +110 +34 +268 +23 +83 +378 +69 +281 +15 +282 +325 +59 +11 +182
+255 +350 +33 +17 +65 +73 +270 +173 +320 +138 +353 +32 +301 +384 +379 +306 +121 +336 +25 +396 +47 +314  +0 +273 +226 +354 +220 +130 +54 +295
+370 +368 +260 +286 +394  +7 +155 +230 +108 +270 +51 +287 +114 +197 +203 +201 +328 +40 +48 +205 +267 +306 +65 +107 +135 +266 +182 +146 +280 +257
+55 +352 +130 +251 +398 +161 +237 +149 +341 +365 +53 +299 +215 +322 +156 +122 +88 +395 +393 +257 +60 +43 +244 +379 +152 +328 +37 +16 +273 +13
+80  +9 +112 +59 +223 +372 +393 +330 +183 +72 +372 +218 +24 +85 +103 +92 +109 +246 +197 +281 +335 +62 +118 +398 +283 +109 +361 +104 +165 +391
+360 +54 +191 +152 +199 +125 +310 +295 +103 +267 +251 +281 +286 +139 +44 +381 +90 +151 +57 +351 +49 +273 +134 +66 +31 +134 +343 +231 +142 +181
+353 +221 +300 +318 +370 +10 +249 +12 +79 +301 +217 +169 +286 +30 +260 +87 +258 +219 +67 +255 +184 +236 +69 +325 +386 +101 +135 +320 +165 +345
+349 +297 +186 +166 +299 +314 +239 +200 +348 +311 +48 +62 +350 +193 +390 +374  +9 +100 +190 +158 +61 +399 +302 +206 +261 +124 +343 +339 +175 +115
+128 +275 +270 +124 +315 +117 +67 +370 +252 +95 +138 +14 +292 +284 +378 +17 +87 +252 +337 +135 +271 +240 +347 +277 +253 +178 +26 +251 +260 +130
+88 +139 +64 +61 +207 +305 +341  +3 +137 +220 +106 +145 +172 +85 +66 +277 +187 +270 +233 +166 +54 +340 +280 +194 +13 +62 +207 +140 +205 +327
+319 +236 +177 +53 +351 +213 +77 +76 +350 +292 +224 +270 +298 +150 +268 +202 +26 +61 +224 +261 +362 +116 +334 +63 +133 +198 +99 +379 +328 +57
