15 15
+96 +120 +239 +388 +392 +299 +329 +398 +300 +253 +125 +262 +307 +70 +78
+260 +195 +360 +114 +237 +30 +334 +282 +23 +286 +146 +178 +115 +399 +241
+115 +73 +302 +192 +221 +205 +151 +321 +391 +139 +162 +19 +388 +145 +335
+181 +302 +341 +377 +320 +219 +204 +114 +283 +332 +394 +167 +187 +370 +195
+20 +283 +309 +295 +372 +260 +78 +27  +3 +113 +214 +183 +59 +187 +176
+10 +57 +42 +338 +270 +389 +65 +327 +251 +76 +236 +181 +369 +74 +274
+186 +232 +327 +382 +61 +154 +265 +12 +95  +0 +192 +373 +358 +162 +346
 +9 +270 +18  +5 +157 +212 +251 +196 +211 +351 +25 +90 +52 +82 +182
+43 +138 +338 +84 +152 +286 +349 +223  +0 +190 +323 +277 +237 +291 +178
+94 +326 +219 +294 +348 +107 +376 +215 +150 +51 +125 +367 +152 +79 +122
+253 +343  +4 +328 +208 +41 +59 +124 +76 +27 +69 +15 +98 +226 +51
+220 +309 +93 +191 +57 +356 +120 +201 +95 +59 +385 +76 +269 +352 +259
+228 +76 +156 +95 +222 +181 +308 +355 +115 +255 +166 +355 +43 +80 +325
+367 +288 +58 +73 +146 +78 +130 +48 +190 +41 +167 +102 +235 +73 +118
+161 +165 +379 +189 +306 +38 +29 +295 +394 +304  +2 +355 +31 +345 +241
