28 28
+225 +298 +114 +39 +70 +89 +339 +193 +386 +320 +84 +332 +130 +359 +248 +370 +64 +215 +370 +179 +313 +398 +117 +236 +80 +323 +81 +155
+258 +366 +214 +335 +206 +123 +236 +56 +148 +244 +62 +345 +393 +372 +270 +371 +157 +286 +390 +395 +364 +139  +4 +350 +105 +370 +140 +192
+17 +69 +53 +319 +65  +8 +77 +250 +247 +333 +157 +197 +261 +56 +187 +214 +37 +188 +284 +158 +356 +326 +112 +116 +231 +289 +140 +280
+384 +228 +165 +324 +370 +340 +95 +189 +151 +345 +176 +383 +86 +29 +219 +359 +374 +383 +303 +317 +245 +196 +374 +121 +130 +295 +323 +352
+118 +71 +323 +35 +331 +316 +308 +119 +155 +333 +251 +62 +201 +344 +323 +206 +386 +34 +374 +150 +116 +341 +339 +269 +157 +13 +166 +76
+211 +86 +165 +159 +314 +66 +197 +313 +65 +337 +92 +87 +353 +272 +21 +344 +302 +148 +363 +71 +67 +15 +148 +19 +15 +190 +222 +282
+111 +155 +115 +196 +20 +362 +109 +319 +63 +239 +94 +182 +95 +35 +334 +246 +248 +167 +89 +300 +261 +218 +235 +114 +44 +160 +57 +356
+193 +259 +313 +379 +311 +152 +196 +87 +174 +206 +150 +360 +159 +383 +75 +31 +106 +304 +287 +80 +136 +269 +214 +289 +57 +260 +214 +18
+24 +279 +35 +321 +65 +393 +237 +366 +241 +297 +164 +72 +179 +368 +39 +219 +327 +46 +209 +160 +21 +341 +239 +124 +218 +103 +61 +301
+129 +99 +37 +240 +296 +11 +170 +67 +295 +294 +377 +255 +237 +268 +291 +350 +76 +63 +79 +160 +236 +309 +43 +108 +14 +336 +55 +231
+212 +126 +172 +260 +272 +289 +24  +8 +132 +13 +115 +131 +97 +49 +360 +204 +96 +132 +327 +115 +57 +335 +136 +70 +204 +262 +96 +112
+180 +289 +226 +241 +345 +323 +273 +78  +2 +236 +59 +112 +373 +312  +2 +280 +77 +310 +257 +160 +106 +364 +83 +135 +144 +376 +212 +184
+117 +129 +43 +48 +298 +233 +299 +265 +119 +288 +272 +312 +71 +58 +325 +370 +189 +285 +53 +101 +179 +332 +357 +161 +18 +24 +379 +29
+178  +9 +275 +194 +113 +56 +352 +33 +197 +245 +364 +54 +27 +180 +104 +381 +275 +104 +226 +198 +321 +123 +55 +339 +149 +199 +284 +80
+64 +380 +81 +127 +336 +28 +199 +103 +228 +373 +351 +32 +69 +244 +35 +44 +138 +120 +290  +2 +63 +29 +230 +78 +223 +268 +118 +350
+309 +84 +283 +153 +161 +176 +229 +237  +4 +319 +151 +355 +396 +11 +64 +227 +119 +267 +43 +168 +346 +155 +380 +71  +8 +398 +196 +61
+274 +277 +289 +142 +109 +46 +111 +197 +367 +24 +185 +321 +146 +215 +89 +50 +341 +309 +327 +19 +280 +351 +101 +58 +43 +212  +0 +224
+105 +20 +118 +219 +235 +285 +278 +302 +197 +224 +173 +112 +116 +272 +21 +285 +134 +232 +67 +338 +23 +50 +10  +0 +148 +379 +261 +50
+343 +31 +256 +203 +44 +147 +150 +370 +156 +195 +297 +154 +391 +371 +161 +111 +369 +95 +67 +30 +312 +266 +78 +202 +23 +64 +357 +56
+213 +63 +280 +146 +352 +32 +192  +3 +392 +172 +78 +78 +217 +314 +287 +241 +62 +235 +144 +221 +52 +294 +373 +302 +241 +142 +68 +102
+382 +82 +44 +143 +271 +328 +286 +243 +367 +117 +137 +117 +391 +16 +79 +326 +131 +58 +323 +221 +187 +110 +158 +274 +221 +311 +39 +329
+63 +388 +41 +22  +3 +71 +261 +30 +13 +371 +18 +209 +304 +228 +81 +377 +114 +145 +85 +111 +156 +367 +101 +243 +229 +339 +210 +101
+336 +104 +170 +197 +60 +110 +172 +54 +349 +15 +139 +124 +35 +141 +282 +55 +84 +155 +367 +102 +116 +47 +128 +151 +172 +217  +8 +353
+334 +35 +150 +55 +234 +324 +251 +335 +389 +247 +283 +217 +227 +343 +294 +59 +14 +179 +142 +52 +84 +325 +39 +248  +6 +202 +338 +199
+244 +308 +226 +328 +201 +323 +337 +70 +297 +297 +26 +102 +203 +288 +84 +130 +274 +166 +214 +205 +149 +352 +383 +69  +0 +23 +390 +191
+94 +203 +39 +388 +109 +65 +395 +115 +357 +268 +184 +320 +138  +2 +334 +306 +203 +115 +117 +70 +127 +355 +107 +167 +351 +387 +71 +186
+220 +160 +61 +21 +205 +305 +68 +330 +73 +43 +195 +27 +88 +396 +72 +355 +312 +220 +82 +383 +320 +397 +170 +158 +41 +369 +82 +62
+319 +215 +55 +178 +156 +107 +148 +187 +221 +191 +105 +98 +235 +347 +133 +142 +296 +322 +229 +242 +86 +334 +53 +120 +254 +293 +143 +217
