1253294 832493 859846 794545 769226 1037283 779068 737792 954852 1031557 982166 843731 1096954 783343 1029589 991341 757520 857515 796638 1077616 961873
1171599 784608 680208 788805 702060 993286 758365 716336 879533 873057 757928 795044 1003590 620094 847616 975425 737729 846216 758652 897960 746794
1154358 798626 692321 814128 776390 925872 924200 736061 1135775 966523 904548 852798 999966 640545 1075095 856362 672902 816260 723721 1013720 961697
1045347 727094 671002 805090 834016 832510 873918 816412 1092670 888160 805321 776929 998142 713154 956871 949522 710587 787004 797971 977909 921246
977467 604784 588407 585587 644150 802264 667843 633497 851590 747281 675775 594574 804206 619607 691360 851373 703252 752938 748574 703250 696125
1021884 692666 675674 685245 726145 867102 744352 665407 966154 918050 803911 822920 947662 747484 885934 955833 756373 769084 741349 835122 903384
949116 648738 587512 659430 711506 813952 720120 616818 975263 842355 724274 706496 809329 644400 919032 914853 752665 660628 580279 728114 895844
960807 588870 602246 614059 696430 796355 777141 585285 979928 754256 647989 602743 832076 676411 813586 745329 629876 634827 699918 728539 815880
1037239 758717 490321 772202 633277 825075 704595 734648 755996 844491 733261 696215 969447 572750 885398 949794 637702 662223 651915 838609 821947
1200529 741181 705971 755687 756497 969595 732184 661661 904712 814725 749319 638947 885192 665232 753598 918323 765667 811949 748705 866204 744239
1037862 731363 789322 692608 726456 786964 784924 567101 1035564 878685 758731 681244 890958 777354 821174 852474 659609 683828 802744 923557 887144
1020730 683234 777739 765230 736505 867287 668555 736969 983799 844242 802754 694476 922912 715896 1044003 818396 649096 766153 751819 927487 883705
960553 647929 572281 737860 660851 865259 707018 600794 819504 792236 677644 747663 879144 620042 819992 818030 658653 763467 693613 775437 832541
1158328 755937 705945 874783 776615 947693 723538 726531 957979 935000 859219 810734 1024139 706224 1011782 988927 719014 757111 733047 980270 913401
1080475 728624 717936 828839 849761 861579 662365 771331 978011 795358 677499 623036 921098 684577 895794 1034829 793897 738950 683444 892012 796688
1108093 683499 702376 839706 890071 816409 777958 733578 1069301 792370 695551 683158 867689 693523 916051 955507 784745 773789 653716 823909 872934
1080464 780429 579548 809716 654470 753631 780132 703153 897449 945829 806317 825089 1037355 576400 1008964 899008 569387 703237 640354 935902 880721
1045298 777801 627675 693642 673147 858593 711118 750163 937359 851559 790929 714673 827336 655118 890681 907689 682132 823651 704779 812981 897182
991104 604003 614432 848683 744241 817880 784997 783927 973336 841983 753882 784100 1018161 662775 862011 959444 832291 748260 839883 857543 792615
908203 641689 451787 592189 557156 674134 638010 478963 727282 634066 548839 422724 670539 431030 532230 719957 573184 517946 571351 629256 614283
1140167 771397 694657 701846 794259 929812 816879 706990 984817 852200 828653 743938 870520 663069 867266 844102 725740 807659 641859 896487 921184
