23 23
+115 +120 +133 +164 +278 +134 +49 +170 +321 +158 +218 +52 +150 +364 +190 +57 +235 +385 +342 +92 +89 +353 +99
+234 +22 +295 +127 +320 +134 +347 +233 +342 +83 +171 +190 +187 +360 +16 +376 +382 +312 +258 +366 +140 +272 +259
+308 +198 +342 +192 +266 +173 +60 +233 +331 +98 +264 +265 +254 +358 +120 +180 +165 +321 +262 +128 +387 +358 +312
+330 +264 +190 +110 +177 +305 +142 +321 +110 +376 +223 +202 +54 +369 +152 +25 +67 +295 +212 +386 +30 +328 +379
+159 +121 +205 +31 +242 +181 +374 +279 +94 +105 +81 +305 +108 +27 +315 +177  +2 +392 +151 +261 +147 +382 +139
+397 +57 +23 +134 +99 +58 +249 +320 +143 +248 +107 +65 +344 +106 +288 +27 +118 +94 +338 +279 +251 +32 +131
+178 +257 +372 +339 +24 +67 +163 +47 +78 +363 +11 +63 +239 +74 +332 +198 +241 +234 +205 +222 +71 +139 +320
+276 +18 +148 +95 +318 +302 +248 +311 +327 +106 +96 +356 +377 +324 +52 +111 +200 +233 +52 +395 +33 +199 +84
 +6 +255 +188 +371 +306 +339 +110 +27 +337 +370 +209 +87 +135 +150 +16 +59 +386 +277 +358 +109 +388 +195 +70
+346 +80 +129 +394 +122 +17 +177  +8 +361 +207 +234 +94 +129 +291 +212 +172 +59 +237 +344 +391 +221 +42 +325
+106 +282 +343 +363 +131 +136 +135 +94  +8 +327 +211 +191 +344 +240 +45 +217 +57 +120 +144 +159 +87 +384 +85
+190 +126 +176 +259 +246 +134 +115 +165 +387 +262 +172 +211 +161 +18 +45 +330 +103 +388 +306 +102 +146 +142 +41
+394 +173 +219 +214 +257 +249 +170 +89 +147 +291 +354 +276 +38 +155 +48 +43 +367 +85 +62 +51 +39 +56 +30
+357 +224 +322 +349 +152 +74 +311 +50 +37 +225 +353 +152 +245 +24 +306 +297 +275 +377 +56 +384 +295 +114  +3
+377 +311 +361 +324 +82 +324 +157 +280 +214 +350 +65 +121 +42 +198 +115 +348 +320 +332 +356 +172 +273 +84 +143
+189 +307 +192 +195 +83 +202 +129 +359 +340 +275 +263 +370 +376 +340 +45 +108 +157 +38 +201 +342 +209 +229 +37
+211 +75 +65 +125 +162 +134 +86 +383 +172 +293 +232 +25 +256 +231 +355 +305 +272 +284 +255 +110 +283 +327 +209
+243 +127 +277 +340 +263 +191 +29 +15 +323 +279 +348 +231 +250 +206 +227 +266 +222 +160 +55 +365 +251  +6 +321
+66 +259 +161  +8 +218 +43 +320 +363 +85 +179 +252 +125 +394 +140 +172 +399 +93 +75 +352 +278 +74 +57 +138
+29 +77 +59 +168 +203 +46 +117 +168 +18 +361 +167 +268 +162 +312 +226 +113 +336 +249 +200 +336 +123 +360 +339
+106 +257 +187 +29 +107 +18 +189  +3 +40 +340 +158 +294 +393 +231 +352 +251 +224 +118 +331 +11 +105 +73 +331
+335 +38 +183 +315 +76 +37 +380 +213 +164 +193  +6 +242 +25 +160 +262  +4 +101 +273 +202 +65 +154 +331 +52
+83 +39 +46 +114 +13  +8 +13 +340 +244 +253 +231 +148 +162 +293 +235 +69 +186 +324 +288 +230 +288 +62 +192
