29 29
+360 +26 +285 +337 +328 +358 +85 +216 +132 +45 +313 +271 +84  +6 +279 +154 +316 +157 +11 +387 +295 +73 +309 +108 +27  +5 +360 +110 +46
+226 +277 +265 +267 +53 +88 +95 +258 +125 +364 +202 +11  +9 +31 +377 +286 +378 +25 +182 +303 +387 +85 +341 +60 +194 +378 +155 +253 +105
+339 +356 +347 +378 +296 +317 +384 +383 +381 +376 +370 +325 +186 +178 +182 +189 +116 +52 +178 +315 +52 +382 +106 +189 +49 +292 +13 +308 +103
+343 +158 +193 +109 +298 +173 +309 +190 +243 +129 +275 +239 +348 +64 +264 +146 +14 +53 +71 +236 +266 +127 +376 +283 +112 +200 +176 +265 +201
 +9 +200 +142 +328 +80 +330 +147 +40 +238 +307 +84 +315 +86 +383 +394 +112 +149 +50 +253 +337 +230 +67 +328 +52 +253 +145 +210 +313 +342
+331 +77 +301 +322 +58 +98 +190 +292 +94 +298 +279 +151 +39 +373 +300 +81 +43 +292 +13 +284 +233 +114 +64 +141 +299 +222 +70 +104 +199
+168 +347 +59 +147 +15 +85 +145 +131 +391 +385 +272 +273 +367 +376 +167 +167 +67 +28 +249 +303 +153 +230 +223 +15 +395 +354 +253 +393 +110
+373 +384 +343 +297 +36 +41 +245 +388 +38 +211 +12  +1 +85 +397 +12 +347 +61 +198 +306 +76 +332 +310 +107 +353 +298 +221 +91 +191 +177
+385 +306 +333 +55 +49 +73 +114 +191 +366 +219 +45 +12 +58 +249 +325 +292 +218 +198 +222 +65 +142 +341 +324 +344 +80 +235 +350 +388 +259
+205 +13 +186 +323 +192 +208 +245 +34 +72 +142 +207 +268 +122 +43 +105 +14  +0 +99 +167 +152 +164 +54 +38 +101 +245 +131 +25 +159 +340
 +8 +331 +305 +299 +379 +277 +295 +100 +140 +56 +344 +36 +347 +315 +152 +319 +262 +83 +319 +351 +246 +204 +198 +13 +285 +211 +10 +227 +96
+332 +268 +348 +16 +366 +278 +300 +393 +345 +281 +383 +116 +135 +163 +265 +261 +322 +67 +132 +260 +218 +197 +65 +141 +325 +389 +176 +309 +246
+36 +379 +341 +265 +377 +354 +30 +138 +211 +86 +307 +129 +59 +338 +274 +294 +304 +66 +27 +143 +184 +337 +255 +292 +64 +364 +281 +52 +319
+244 +288  +9 +331 +66 +12 +177 +121 +48 +227 +58 +95 +145 +162 +164 +195 +397 +332 +27 +199 +335 +187 +125 +337 +364  +9 +48 +237 +78
+264 +28 +34 +323 +386 +179 +259 +295  +8 +319 +380 +317 +75 +384 +150 +72 +92 +225 +240 +213 +284 +249 +40  +0 +112 +249 +316 +206 +149
+145 +385 +126 +71 +73 +369 +243 +251 +204 +294 +92 +208 +322 +248 +355 +189 +184 +98 +131 +377 +373 +266 +92 +177 +274 +344 +349 +98 +350
+70 +129 +243 +24 +217 +189 +343 +86 +153 +310 +192 +250 +232 +318 +282 +75 +47 +376 +323 +276 +340 +102 +273 +363 +278 +232 +255 +369 +339
+65 +161 +152 +190 +227 +171 +376 +23 +35 +191 +239 +217 +55 +208 +114 +189 +129 +180 +256 +204 +314 +322 +10 +229 +388 +259 +145 +73 +150
+152 +118 +169  +6 +315 +397 +81 +231 +327 +184 +383 +87 +278 +22 +94 +16 +54 +84 +146 +355 +265 +361  +8 +167 +284 +281 +374  +6 +23
+248 +186 +42 +236 +271 +74 +246 +390 +94 +25 +235 +359 +378 +72 +71 +53 +86 +37 +384 +148 +115 +270 +121 +290 +378 +351 +223 +168 +252
+396 +161 +174 +51 +129 +192 +284 +274 +254 +46 +357 +59 +14 +277 +111 +263 +136 +273 +377 +397 +109 +396 +30 +25 +399 +42 +222 +345 +356
+210 +143 +97 +358 +292 +317 +244 +121 +93 +375 +136 +103 +248 +234 +331 +353 +213  +0 +105 +384 +358 +185 +181 +222 +197 +398 +285 +278 +247
+127 +331 +99 +352 +364 +382 +114 +349 +122 +78 +385 +260 +308 +315 +103 +145 +365 +132 +123 +364 +196 +50 +346 +168 +340 +326 +293 +287 +370
+230 +379 +94 +104 +318 +124 +10 +285 +347 +122 +364 +304 +90 +121 +272 +295 +371 +123 +254 +215 +78 +313 +58 +150 +206 +54 +182 +41 +294
+271 +293 +389 +308 +17 +28 +142 +17 +301 +337 +161 +83 +235 +226 +251 +386 +345 +14 +213  +9 +21 +352 +91  +6  +4 +291 +101 +312 +368
+161 +116 +167 +132 +175 +89 +309 +262 +111 +34 +262 +221 +56 +278 +237 +341 +369 +241 +385 +292 +236 +175 +307 +390 +248 +208 +83 +105 +129
+344 +236  +5 +168 +97 +346 +123 +24 +320 +154 +176 +205 +374 +100 +118 +191 +325 +314 +232 +40 +367 +361 +11 +392 +74 +157 +336 +138 +218
+367 +166 +172 +219 +218 +103 +30 +160 +86 +149 +259 +257 +243 +259 +115 +161 +247 +79 +75 +62 +309 +349 +55 +136 +66 +196 +87 +340 +396
+366 +336 +195 +183 +51 +120 +144 +192 +143 +308 +191 +135 +39 +256 +238 +142 +134 +170 +368 +387 +249 +255 +95 +79 +231 +390 +195 +252 +389
