21 21
+203 +256 +226 +314 +352 +248 +353 +314 +333 +313 +346 +137 +158 +20 +66 +34 +265 +396 +60 +81 +309
+181 +314 +61 +353 +350 +161 +221 +26 +281 +211 +118 +11 +395 +315 +129 +169 +48 +298 +67 +223 +313
+297 +64 +87 +242 +384 +46 +250 +153 +263 +385 +59 +84 +392 +337 +296 +347 +173 +91 +378 +106 +49
+171 +54 +32 +167 +51 +381 +85 +202 +143 +270 +279 +302 +130 +192 +337 +299 +312 +292 +298 +155 +367
+17 +370 +313 +82 +87 +224 +15 +124 +222 +61 +266 +95 +197 +330 +27 +88 +154 +245 +269 +18 +378
+94 +212 +345  +4 +352 +159 +129 +116 +150 +322 +296 +129 +139 +310 +220 +120 +255 +285 +13 +225 +354
+363 +177 +347 +36 +321 +87 +328 +228 +32 +298 +29 +55 +41 +328 +242 +100 +268 +70 +83 +388 +95
+21 +303 +329 +317 +120 +14 +296 +18 +78 +54 +198 +225 +40 +235 +209 +383 +87 +309 +344 +19 +12
+386 +116  +2 +370 +263 +346 +33 +376 +100 +207 +96 +144 +169 +101 +12 +204 +47 +356 +240 +139 +260
+65 +274 +281 +376 +149 +299 +308  +5 +397 +57 +40 +175 +73 +168 +101 +42 +176 +276 +312 +227 +293
+16 +190 +397 +319 +130 +132 +47 +29 +261 +271 +369 +391 +27 +199 +236 +163 +334 +245 +61 +59 +287
+116 +159 +303 +292 +163  +1 +398 +267 +202  +4 +298 +81 +304 +86 +219 +303 +344 +302 +153 +61 +146
+141 +125 +132 +252 +328 +94 +153 +59 +249 +92 +104 +63 +62 +48 +283 +229 +219 +310 +336 +329 +256
+187 +92 +335 +389 +318 +261 +299 +180 +185 +178 +76 +78 +126 +22 +263 +116 +369 +321 +236 +304 +182
+114 +225 +300 +392 +44 +306 +359 +194 +85 +22 +58 +331 +136 +104 +168 +195 +259 +186 +83 +340 +318
+229 +227 +266 +128 +40 +197 +345 +146 +68 +63  +2 +330 +241 +139 +339 +73 +288 +180 +348 +378 +111
+351  +5 +64 +274 +381 +133  +4 +319 +185 +398  +6 +179 +393 +83 +212 +251 +95 +264 +267 +27 +251
+150 +210 +330 +11 +240 +285 +56 +290 +351 +20 +155 +91 +304 +271 +224 +354 +183 +77 +184 +59 +188
+24 +285 +62 +208 +107  +9 +77 +296 +125 +237 +17 +148 +268 +350 +138 +38 +388 +363 +348 +379 +375
+96 +126 +104 +369 +184 +344 +52 +35 +148 +40 +58 +352  +6 +308 +210 +96  +8 +40 +228 +43 +198
+244 +210 +69 +50 +342 +300 +352 +140 +238 +200 +152 +330 +162 +154 +115 +185 +150 +185 +297 +161 +105
