746905 669161 930329 677099 739603 742167 970152 751411 899666 775070 832016 762311 558216 757741 652417 896843 967458 882357 849624 735130
953928 641743 828695 901485 745114 940613 876260 773865 885234 849590 704399 794172 515481 790586 605064 841826 828140 703457 875736 804829
864303 791873 883144 929355 765932 976959 1085418 949416 1024773 891760 890575 823150 577539 1007996 682295 835989 936318 795339 884910 822571
1087996 532203 888882 776293 657351 936870 922699 867858 899701 827797 772903 865554 436549 821800 545112 701308 938200 826137 730394 880065
850042 497889 867860 723417 607831 731373 880306 780586 791805 903703 708822 757414 477471 702534 542515 757767 869340 875539 704669 799774
910728 712010 1043213 862389 653327 871409 1049835 925904 954818 887690 933598 881403 519379 851423 614122 866399 883618 840598 843406 921050
887148 868822 985852 985545 843584 1061068 1107662 954952 1027533 978293 891848 880053 630948 959249 817093 1005147 991845 882835 994719 895513
942204 720960 1046566 870917 724411 932514 1103839 959505 1107770 954842 930838 880910 603235 886476 703229 833522 1003684 783072 870197 910612
830586 765808 935421 967663 709681 1017561 1076343 956096 922680 941357 873518 813541 551329 878224 728698 925923 857822 839756 875118 811446
1080956 631867 915517 844830 720231 968190 999708 874295 817555 911061 786512 899105 562698 788833 625604 892404 936857 930614 819380 920319
895426 649123 954207 724162 714795 898447 1022319 879301 993721 846233 890106 808222 418547 829400 599299 818685 970647 842982 880440 872878
949707 742532 958422 982331 734645 1049614 1029812 910325 978876 1052435 772903 852081 603339 850090 720274 850651 898713 784695 865873 942123
764363 778673 917335 666724 774517 884327 924819 767801 918443 979902 899003 764361 588390 835329 795923 840305 895048 794720 805870 851447
1102438 874247 1132201 1047070 876339 1098088 1088594 942108 1077539 1184165 889801 1067538 739337 1009464 791338 991716 1047192 952735 990544 1167556
979718 732926 973322 890683 779059 979083 1065489 897994 927398 761287 824727 1014171 579084 1030074 617524 922619 1055962 920584 906461 919686
857677 448298 707270 671970 447798 727981 777249 748431 660477 774629 654450 714468 347634 621534 413060 607529 668347 694652 651775 773179
758357 780887 920802 939065 744355 1021372 998638 852998 922999 937364 787324 907971 652850 924658 777978 776534 927453 641814 844103 878639
955432 780407 900073 755869 836636 1024205 898261 717950 810753 938997 742072 917943 611650 940751 759426 857027 910894 824683 784089 995074
973279 707725 1017977 903443 725074 967002 1054652 897838 884781 993444 952926 942891 553152 809004 695921 920190 922145 818078 934581 1000963
950661 846169 967011 1027972 914123 1034283 1081699 935968 1006813 1052449 966826 903751 641221 983770 838897 1043082 1015008 889492 1051526 939341
