1011402 1311375 1083736 1549490 963033 1386411 933705 914262 1180298 1023605 1192383 1205522 1206574 1273526 1245021 1146748 969473 1145486 1205636 1162014 1065507 1298578 1252152 1299333 1427688 1095967 1295282 1388180 1047549 889939
1010806 1253448 1004432 1416282 920241 1083719 977180 1000495 1127963 961773 1000649 1120863 1037466 1351693 1118083 1065697 839838 1054725 1158759 1000412 1219649 1210869 1282086 1151256 1306749 820925 1137426 1322198 927630 838438
1118204 1208093 1184296 1403394 1101703 1357504 1040627 1009221 1283339 1006013 1172786 1113906 1244178 1359593 1123988 1345670 848924 1028974 1336856 1274917 1106212 1285444 1201215 1191279 1544540 919070 1456314 1280607 1157790 1014079
1034919 1441694 1345307 1675246 1090028 1336573 1101928 965850 1443450 1105303 1262101 1185717 1245395 1511414 1229382 1429494 949523 1250441 1295260 1391795 1253546 1491553 1329901 1358236 1535247 964960 1489231 1340637 1239996 1068470
919370 1194102 1025559 1319656 970156 1255193 974620 947103 1192706 988901 1183441 993531 1166335 1247890 1073486 1253839 809206 1058989 1219322 1101793 1046932 1185564 1084243 1312924 1540294 1005993 1312064 1174466 1091878 988906
912069 1343872 1091933 1468572 1041117 1242967 1084222 1062828 1389910 1041413 1093606 1151208 1206432 1234054 1256931 1225760 907200 1227014 1190513 1255300 1120292 1287192 1094950 1230737 1499926 966354 1384918 1316512 1258890 1139381
1023529 1146975 1024195 1374838 940476 1247350 1169513 1031363 1224429 1037519 1139500 1042964 1114334 1208728 1274344 1207563 887043 959461 1219832 1167003 1129112 1268121 1154140 1207328 1494712 952218 1366574 1267759 1147128 1035592
1167205 1583975 1190105 1627402 1048870 1456688 1107506 1020171 1365385 1220513 1304033 1419795 1217511 1333746 1274375 1309511 1057083 1364421 1264686 1273067 1202163 1421777 1404371 1343619 1503441 1035789 1411588 1418919 1157385 1120882
1186700 1151408 1174575 1423894 896888 1173160 964066 955664 1147290 975646 1074909 1038040 1026846 1287023 1016718 1202093 917425 978030 1234198 1199150 1185618 1188503 1237993 1043621 1357591 716608 1272827 1172557 978555 923563
1000632 1391568 1280915 1524873 1061389 1259968 1050920 960822 1393663 972250 1117606 1336544 1187956 1227807 1183273 1326081 1006345 1260446 1111853 1219976 1069905 1425683 1292332 1192413 1460033 931965 1314963 1250515 1173944 1026898
802500 909747 922583 1222882 756112 897850 823215 767172 1001294 618170 807288 808132 977603 1148060 1033308 993598 714379 794801 890291 994045 985806 1062009 1084740 998557 1187230 734689 1020978 1098521 847248 719201
1020671 1362949 934592 1315071 1004198 1128950 934906 1011793 1280864 1024528 1106110 1235432 1101973 1036807 1015582 1112723 771544 1170352 1234029 1021452 1167255 1306208 1037055 1170586 1304694 905593 1218758 1223665 1114634 896834
1183434 1419566 1181970 1629263 984686 1263816 982734 1039342 1303817 1097846 1303361 1113818 1235670 1547090 1223431 1305524 993105 1204865 1341020 1280249 1244182 1382126 1316384 1389401 1523116 1111606 1427830 1347052 1164890 996728
1154864 1330658 1302725 1512861 1019920 1403850 1060326 1148161 1296694 1010294 1263231 1131510 1183443 1360879 1282595 1305540 951500 1195444 1305010 1268413 1186536 1363481 1349917 1319668 1553890 970065 1435066 1359561 1169419 1046070
1037181 1317494 1154586 1690596 1157092 1251169 1033626 1009275 1343202 1116209 1263617 1210528 1273639 1063837 1266451 1316262 877220 1167215 1420809 1147440 1266530 1481105 1287321 1330531 1506189 940019 1335595 1335296 1262085 1149700
954779 1148839 965607 1264757 979963 1092278 812194 847358 1102608 749447 986347 1030422 1053465 1001121 1020181 1202826 811180 927089 992978 1090295 938675 1270371 1134290 1016939 1159367 778790 998683 1043054 881345 973442
895846 1083149 1008313 1366438 812169 1001692 856859 771820 1096496 910799 982935 995550 933420 1165082 941882 929759 739564 866943 1032836 991883 1001582 1061845 1095717 997244 1183287 759442 1145112 1099434 895242 839290
1041060 1312384 1134577 1387223 902187 1085827 921364 979828 1246541 1124430 1250165 1058252 1104896 1298442 974599 1211992 819384 1030962 1216300 1137584 1200132 1299223 1231850 1182832 1431399 886146 1314919 1242290 1040740 1068543
983624 1345171 1040109 1558494 1088875 1301480 1084783 953961 1302098 1008029 1154789 1230529 1264314 1285871 1203115 1455354 1026304 1215471 1189654 1309237 1221790 1335417 1326340 1372193 1430803 1006806 1278076 1324949 1036479 1115759
1100288 1404231 1284226 1691088 1175772 1463345 1152266 1035162 1493786 1085947 1261666 1304107 1344827 1402576 1358731 1455794 1064342 1325454 1229675 1538634 1245144 1476042 1345624 1355349 1610926 1032614 1425713 1504126 1286725 1223331
933883 944611 848882 1258837 891662 1050782 946156 763207 1011065 781931 861315 955358 971643 1114735 1081822 1037743 756834 753773 1065432 1021747 901830 1033642 986314 887271 1142403 773331 1192472 1003604 880415 836026
1048892 1168644 987521 1471287 1023452 1299514 1079756 897887 1279761 1106068 1083723 1223019 1156728 1212767 1240793 1343009 859458 1102452 1317045 1179390 1144453 1203821 1213564 1234924 1558026 959799 1313509 1353550 1170702 1015498
965588 1222827 1212894 1556921 1069297 1342323 1154900 876396 1416244 999572 1066175 1281644 1220355 1307911 1250593 1294996 895552 1153067 1296515 1239146 1163866 1327875 1272771 1236425 1492241 945722 1474919 1300054 1161694 978699
934388 1186532 1059189 1533792 912627 1212270 1128096 865912 1323431 887531 1085969 1079360 1159237 1138359 1182974 1196860 902858 1061013 1055748 1163118 1096726 1282561 1094833 1096904 1394784 902548 1430690 1166250 1217917 1012447
855301 1094634 964606 1331954 797293 1163827 950702 875560 1057516 908923 964027 974998 993705 1071855 1067777 1109971 878181 1030685 1109779 1109149 1084009 957297 1047492 1159336 1328577 843143 1019721 1211634 930730 808358
1132043 1379567 1252166 1644099 1139702 1392576 1209042 1070478 1352029 1126007 1100707 1251202 1238351 1451340 1383149 1330036 962306 1115729 1431049 1264748 1283051 1432640 1426412 1319676 1620581 830030 1321401 1443657 1134285 1108529
1090755 1429551 1179250 1627949 1051264 1298401 1180685 1232240 1458742 1132737 1352269 1190651 1152061 1385613 1287216 1196148 1028782 1139036 1302652 1154386 1245016 1488311 1288706 1388470 1471929 986386 1396875 1396139 1279471 1149766
1047623 1277711 1202658 1527842 1023764 1308223 1180470 1069851 1325624 1162842 1247419 1158753 1228437 1391254 1161564 1384415 898287 1145441 1328144 1157877 1291916 1286648 1350377 1438011 1675886 1064940 1360397 1386383 1257413 946976
1120102 1298126 1177690 1430049 1010605 1301258 932629 865675 1303069 1058207 1152098 1279487 1125450 1196642 1073718 1240721 817824 1226407 1258398 1189560 1116167 1347378 1164240 1183075 1353186 927367 1211923 1201251 1121748 927167
1075234 1301622 897273 1464867 1023217 1220118 1013662 1043196 1122628 1045576 1110405 1184344 1235038 1208833 1164897 1285785 1028433 1145334 1126434 1285551 1278109 1315504 1214883 1319831 1405071 955919 1242819 1463989 979603 987287
