34 34
+372 +112 +237 +255 +326 +57 +12 +303 +87 +11 +95 +334 +228 +14 +130 +179 +352 +190 +100 +95 +284 +57  +8 +144 +253 +279 +42 +261 +141 +333 +294 +59 +46 +19
+142 +114 +249 +172 +281 +179 +274 +247 +359 +307 +64 +298 +125 +46 +17 +331 +74 +218 +114 +65 +269 +210 +379 +295 +75 +139 +178  +1 +355 +64 +316 +141 +234 +30
+339 +211 +122 +218 +151 +399 +170 +92 +209 +308 +60 +146 +155 +107 +315 +28 +314 +169 +311 +88 +101 +76 +247 +378 +155 +18 +96 +177 +232 +147 +267 +391 +167 +349
+133 +101 +169 +195 +105 +373 +216 +242 +230 +66  +0 +349 +278 +71 +36 +255 +239 +60 +192 +162 +97 +178 +347 +121 +138 +362 +143 +309 +195 +72 +88 +220 +115 +139
+322 +360 +333 +352 +370 +193 +90 +24 +27 +51 +138 +189 +323 +44 +332 +307 +202 +139 +177 +190 +344 +283 +178 +371 +237 +78 +237 +335 +389 +21 +32 +251 +122 +47
+135 +246 +122 +68 +312 +265 +129 +39 +328 +83 +342 +302 +293 +262 +181 +151 +198 +160 +299 +202 +328 +34 +153 +95 +376 +93 +205 +188 +214 +394 +229 +116 +398 +103
+300 +366 +250 +399 +19 +116 +18 +51 +269 +174 +283 +296 +230 +14 +389 +325 +24  +8 +385 +184  +1 +304 +392 +304 +294 +78 +110 +321 +267 +348 +140 +77 +267 +185
+359 +150 +137 +250 +100 +276 +274 +304 +55 +35 +340 +257 +22 +227 +146 +26 +123 +126 +327 +365 +369 +116 +196 +123 +301 +27 +370 +333 +70 +73 +170 +306 +77 +185
+293 +51 +144 +145 +52 +189 +299 +103 +73 +368 +214 +157 +377 +29 +148 +359 +160 +249 +380 +197 +306 +70 +280 +56 +307 +333 +60 +353 +162 +394 +303 +70 +167 +76
+215 +178 +342 +150 +38 +388 +36 +94 +102 +334 +284 +225 +240 +371 +173 +118 +380 +341 +260 +50 +39 +78 +275 +175 +198 +273 +310 +60 +308 +281 +391 +46 +206 +79
+264 +230 +130 +162  +4 +115 +208 +118 +399 +372 +211 +32 +265 +325 +37 +377 +361 +42 +141 +289 +200 +15 +92 +308 +371 +158 +40 +355 +85 +53 +128 +236 +278 +115
+391 +225 +344 +331 +155 +265 +377 +93 +67 +165 +163 +104 +11 +316 +329 +96 +44 +105 +189 +361 +112 +281 +117 +40 +183 +142 +261 +39 +378 +144 +381 +106 +329 +344
+332 +123 +291 +292 +343 +146 +211 +255 +247 +235 +332 +357 +181 +29 +93 +289 +142 +107 +161 +268 +358 +75 +197 +42  +0 +52 +277 +357 +163 +315  +1 +284 +72 +385
+369 +249 +63 +330 +262 +133 +166 +290 +37 +370 +34 +257 +50 +116 +21 +42 +156 +235 +96 +285 +340 +84 +188 +170 +268 +280 +142 +341 +184 +289 +179 +279 +309 +91
+375 +151 +290 +136 +310 +273 +242 +38 +289 +58 +160 +360 +352 +71 +143 +354 +193 +28 +333 +242 +69 +132 +103 +298 +290 +156 +398 +382 +57 +206 +107 +101 +122 +99
+173 +317 +318 +344 +275 +122 +82 +243 +366 +36 +249 +169  +2 +103 +17 +26 +11 +196 +22 +144 +154 +56 +176 +21 +231 +275 +360 +319 +387 +290 +71 +172 +277 +313
+25  +0 +23 +381 +334 +26 +49 +233 +331 +250 +286 +377 +33 +269 +321 +127 +187 +149 +298 +75 +106 +349 +344 +293 +329 +370 +213 +289 +147  +9 +144 +139  +0 +382
+244 +176 +312 +362 +83  +1 +185 +16 +81 +339 +189 +126 +184 +117 +99 +152 +376 +68 +155 +366 +91 +308 +118 +351 +154 +396 +280 +133 +195 +23 +386 +307 +42 +46
+214 +381 +156  +5 +396 +55 +339 +217 +294 +152 +281 +185 +272 +326 +133 +221 +142 +95 +87 +322 +133 +161 +226 +45 +230 +140 +323 +264 +340 +179 +184 +83 +189 +399
+159 +55 +370 +46 +361 +306 +67 +307 +299  +7 +211 +37 +275 +21 +25  +1 +34 +319 +240 +261 +194 +382 +68 +200 +202 +220 +207 +265 +103 +155 +266 +223 +196 +214
+329 +13 +318 +396 +366 +59 +167 +240 +197 +251 +218 +221 +23 +233 +398 +122 +123 +173 +106 +79 +275 +395 +141 +118 +43 +204 +217 +322 +382 +350 +296 +172 +211 +113
 +2 +316 +10 +172 +292 +247 +67 +125 +70 +354 +153 +366 +374 +148 +245 +346 +132 +146 +70 +30 +237 +140  +2 +187 +147 +365 +297 +162 +251 +11 +205 +254 +167 +194
+205 +299 +371 +21 +113 +246 +331 +273 +32 +162 +215 +172 +73 +81 +189 +11 +273 +299 +291 +64 +261 +192 +192 +367 +235 +176 +189 +50 +14 +213 +157 +377 +206 +277
+253 +342 +172 +68 +350 +349 +263 +344 +201 +14 +16 +84 +58 +72 +294 +268 +237 +263 +356 +359 +188 +153 +234 +180 +99 +269 +12 +238 +335 +131 +302 +322 +292 +327
+181 +357 +209 +245 +181 +393 +38 +354 +93 +247 +13 +71 +151 +57 +206 +314 +164 +327 +146 +189 +285 +276 +235 +76 +39 +247 +225 +184 +253 +43  +2 +156 +128 +395
+41 +74 +260 +47 +53 +175 +148 +241 +155 +13 +16 +182 +244 +296 +387 +328 +237 +152 +48 +219 +229 +220 +157 +163 +91 +224 +215 +241 +86 +318 +295  +4 +74 +144
+172 +309 +319 +28 +353 +93 +132 +272 +69 +216 +88 +275 +232 +294  +4 +338 +309 +166 +297 +377 +363 +155 +361 +262 +212 +184 +263 +218 +385 +68 +249 +196 +146 +106
+63 +68 +248 +294 +325 +250 +392 +269 +79 +220 +349 +263 +76 +69 +175 +300 +218 +372 +226 +268 +260 +319 +323 +259 +322 +348 +104 +364 +352 +380 +155 +106 +96 +153
+209 +357 +22 +19 +242 +15 +328 +282 +305 +378 +91 +64 +175 +145 +290 +156 +351 +152 +219 +112 +348 +60 +201 +310 +200 +312 +338 +95 +35 +99 +225 +122 +142 +162
+330 +80 +173 +369 +108 +227 +374 +199 +348 +268 +98 +183 +383 +87 +151 +342 +192 +366 +88 +25 +27 +280 +333 +32 +33 +45 +151 +357 +355 +364 +146 +328 +16 +136
+116 +15 +226 +96 +290 +196 +336 +228 +188 +373 +94 +26 +178 +274 +180 +13 +369 +93 +176 +37 +341 +168 +86 +121 +343 +364 +284 +43 +167 +244 +301 +378 +229 +394
+257 +204 +87 +95 +294 +46 +24 +38 +16 +29 +79 +375 +151 +131 +237  +6 +210 +154 +35 +354 +131 +77 +82 +165 +23 +296 +112 +224 +290 +214 +311 +55 +261 +164
+110 +304 +391 +50 +397 +79  +2 +142 +201 +295 +103 +282 +330 +228 +228 +320 +28 +320 +262 +251 +251 +12 +269 +228 +235 +339 +30 +320 +236 +13 +92 +155 +312 +244
+37 +126 +298 +51 +241 +340 +340 +275 +133 +110 +118 +53 +319  +7 +252 +368 +149 +375 +100 +395 +154 +26 +188 +361 +68 +79 +358 +337 +288 +79 +236 +64 +304 +107
