21 21
+385 +367 +193 +122 +155 +201 +276 +89 +315 +222 +33 +52 +66 +126 +336 +278 +105 +214 +107 +108 +316
+363 +123 +282  +1 +150 +359 +371 +80 +316 +226 +75 +263 +284 +130  +6 +392 +338 +346 +294 +100 +148
+366 +210 +205 +174 +264 +155 +53 +95 +321 +312 +201 +127 +191 +376 +374 +388 +198 +153 +93 +137 +328
+310 +241 +175 +348 +90 +244 +123 +49 +116 +188 +132 +10 +328 +39 +191 +237 +85  +0 +251 +355 +46
+339 +305 +74 +175  +8 +397 +117 +41 +18 +360 +359 +394 +325 +35 +198 +193 +184 +188 +144 +200 +364
+375 +245  +8 +163 +204 +287 +93 +336 +97 +144 +267 +151 +186 +42 +51 +372 +122 +147 +59 +270 +56
+318 +57 +330 +86 +360 +333 +113 +238 +347 +143 +254 +40 +177 +133 +345 +88 +242 +235 +11 +273 +99
+77 +139 +15 +251 +49 +83 +64 +311 +30 +281 +325 +130 +300 +155 +386 +277 +236 +58 +102 +147 +356
+391 +372 +328 +121 +21 +317 +208 +59 +90 +206 +281 +131 +10 +245 +26  +3 +90 +366 +217 +267 +215
+135 +13 +149 +21 +186 +29 +345 +32 +355 +317 +287 +364 +340 +169 +258 +137 +17 +39  +0 +385 +150
+101 +143 +314 +103 +259 +311 +157 +28 +190 +151 +256 +114 +111 +345 +262 +39 +142 +301 +231 +259 +385
+369 +347 +317 +265 +343 +41 +293 +137 +384 +192 +124 +69 +156 +285 +116 +185 +229 +89 +130 +256 +368
+361 +219 +259 +394 +285 +128 +35 +339 +218 +149 +201 +265 +287 +93 +351 +251 +69 +301 +85 +364 +53
+268 +208 +16 +161 +123 +249 +315 +273 +374 +188 +227 +28 +137 +155 +97 +224 +344 +54 +369 +74 +162
+227 +109 +140 +244 +131 +73 +326 +37 +295 +254 +99 +245 +268 +102 +222 +225 +93 +164 +177 +62 +248
 +7 +158 +51 +57 +179 +179 +225 +336 +375 +158 +64 +257 +204 +189 +354 +181 +52 +205 +147 +241 +294
+44 +30 +284 +99 +64 +76 +87 +184 +384 +113 +227 +164 +90 +43 +176 +18 +41 +20 +328 +367 +106
+300 +112  +8 +244 +40 +145 +175 +290 +22 +226 +171 +312 +385 +326 +177 +214 +74 +22 +290 +93 +179
+331 +61 +66 +234 +342 +290 +370 +169 +385 +212 +270 +180 +265 +134 +289 +126 +249 +331 +227 +218 +300
+78 +141 +51 +386 +335 +283 +65 +195 +56 +59 +26 +256 +129 +306 +155 +359 +375 +280 +46 +102 +283
+198 +90 +166 +127 +230 +183 +67 +202 +217 +211 +16 +99 +332 +38 +205 +389 +313 +368 +233 +152  +8
