12 12
+244 +305 +210 +66 +85 +58 +144 +309 +381 +382 +51 +386
+331 +189 +24 +55 +143  +3 +90 +313 +24 +371 +281 +93
+371 +65 +198 +37 +59 +263 +364 +73 +333 +124 +293 +65
+50 +97 +324 +201 +369 +204 +177 +47 +303 +387 +340 +11
+201 +293 +190 +162 +268 +223 +57 +162 +175 +355 +111 +235
+202 +85 +173 +329 +87 +297 +295 +325 +13 +291 +214 +298
+83 +321 +299 +104 +58 +195  +7 +56 +195 +271 +140 +293
+308 +57 +37 +395 +144 +386 +129 +373 +331 +47 +250 +139
+383 +379 +148 +236 +263 +50 +139 +244 +123 +22 +47 +33
+33 +202 +192 +156 +123 +386 +86 +324 +75 +251 +335  +1
+209 +15 +341 +65 +295 +63 +68 +140 +281 +119 +102 +343
+336 +30 +329 +263 +134 +121 +246 +91 +277 +111 +99 +181
