100 100
+393 +293 +130 +144 +375 +367 +229 +33 +18 +89 +100 +148 +165  +5 +139 +77 +352  +1 +99 +373 +288 +35 +377 +388 +286 +213 +379 +115 +71 +223 +215 +233 +397 +228 +130 +266 +341 +310 +40 +191 +363 +297  +3 +159 +52 +347 +274 +48 +248 +110 +138 +167 +348 +334 +204 +318 +20 +362 +253 +229 +386 +349 +205 +177 +186 +72 +380 +374 +91 +249 +251 +159 +225 +280 +386 +78 +234 +99 +150 +298 +239 +182 +294 +170 +398 +159 +143 +346 +108 +147 +287 +324 +58 +216 +203 +368 +316 +139 +213 +42
+25 +191 +77  +5 +293 +308 +177 +237 +315 +162 +322 +61 +217 +304 +81 +397 +202 +279 +213 +70 +275 +250 +126 +334 +63 +268 +82 +205 +84 +166 +356 +116 +248 +188 +170 +65 +368 +138 +149 +97 +314 +364 +99 +24 +195 +221 +291 +44 +139 +387  +4 +312 +173 +235 +206 +277 +61 +123 +283 +249 +390 +197 +41 +337 +152 +243 +353 +295 +168 +143 +234 +320 +367 +90 +213 +75 +195 +235 +98 +52 +315 +97 +352 +356 +249 +150 +383 +383 +244 +156 +99 +284 +233 +385 +106 +176 +149 +326 +332 +317
+122 +53 +381 +192 +186 +90 +255 +380 +383 +315 +338 +366 +234 +24 +389 +292 +202 +306 +95 +167 +164 +318 +188 +129 +245 +33 +100 +40 +302 +300 +383 +182 +366 +42 +383 +96 +184 +367 +24 +67 +163 +383 +156 +110 +210 +135 +198 +94 +67 +11 +92 +365 +338 +321 +234 +213 +241 +352 +177 +379 +304 +26 +161 +316 +150 +61 +15 +197 +292 +215 +34 +264 +307 +22 +196 +179 +336 +66 +130 +242 +292 +50 +275 +80 +304 +316 +116 +299 +330 +171 +334 +100 +195 +393 +336 +25 +64 +302 +267 +140
+218 +99 +106 +395 +180 +56 +365 +21 +163 +86 +348 +182 +174 +29 +355 +301 +28 +41 +150 +57 +146 +150 +348 +318 +167 +198 +333  +5 +14 +311 +37 +297 +262 +109  +1 +152 +12  +8 +320 +380 +100 +186 +281 +290 +397 +210 +212 +29 +238 +133 +233 +220 +78 +142 +313  +8 +59 +133 +245 +98 +233 +334 +346 +278 +215 +150 +282 +299 +64 +115 +256 +295  +9 +388 +389 +104 +230 +344 +120 +72 +197 +360 +146 +298 +125 +19  +2 +106 +385 +144 +387 +313 +259 +235 +258 +127 +248 +357 +192 +59
+193 +397 +132 +334 +296 +328 +327 +260 +88 +281 +94 +234 +327 +316 +366 +216 +246 +226 +176 +313 +321 +347 +130 +247 +205 +100 +80 +166 +288 +86 +300 +139 +319 +250 +331  +7 +361 +279 +283 +296 +43 +314 +378 +296 +187 +107 +251 +323 +37 +344 +165 +370 +73 +370 +293 +168 +230 +63 +75 +267 +131 +128 +115 +81 +11 +356 +342 +167 +251 +371 +31 +343 +304 +252 +291 +78 +180 +253 +230 +382 +377 +231 +399 +322 +103 +71 +130 +226 +203 +256 +12 +137 +390 +222 +226 +199 +347 +124 +30 +56
+204  +5  +5 +303 +166 +247 +168 +96 +227 +237 +278 +208 +327 +198 +42 +307 +342 +166 +283 +278 +171 +258 +222 +128 +128 +299 +375 +279 +215 +265 +155 +38  +9 +256 +351 +199  +4 +110 +28 +189 +111 +180 +309 +223 +323 +256 +369 +222 +63 +216 +183 +236 +47 +70 +269 +120 +333 +174 +338 +135  +4 +132 +363 +44 +82 +324 +161 +198 +392 +31 +366  +6 +136  +7  +4 +265 +327 +362 +212 +267 +117 +31 +128 +229 +134 +319 +113 +319 +237 +399  +9 +58 +366 +284 +190 +253 +36 +343 +179 +208
+367 +55 +284 +180 +312 +215 +286 +399 +15 +74 +158 +389 +346 +153  +5 +182 +279 +280 +360 +193 +117 +302 +49 +97 +103 +150 +301 +344 +386 +396 +218 +174 +148 +246 +212 +85 +199 +88 +26 +118 +206 +232 +267 +245 +306 +79 +71 +350 +65 +157 +41 +321 +63 +295 +153 +145 +68 +184 +189 +329 +223 +363 +340 +327 +67 +230 +223 +263 +372 +246 +247 +49 +134 +23 +303 +125 +129 +45 +348 +326 +256 +79 +263 +268 +175 +117 +17 +309 +389 +12 +298 +370 +162 +139 +275 +307 +97 +338 +98 +335
+392 +198 +368  +1 +216 +34 +321 +161 +389 +231 +49 +61  +9 +160 +158 +262 +91 +147 +294 +102 +175 +270 +265 +391 +24 +279 +30 +21 +65 +198 +210 +105 +266 +397 +160 +110 +48 +323 +85 +180 +103 +196 +165 +142 +240 +199 +194 +236 +207 +86 +37 +53 +50 +253 +316 +65 +200 +59 +118 +344 +353 +364 +167 +304 +301 +367 +24 +43 +375 +380 +299 +363 +113 +250 +42 +145 +63 +171 +340 +193 +267 +62 +309 +138 +22 +388 +333 +172 +389 +209 +375 +80 +138 +65 +154 +244 +268 +18 +133 +10
+316 +183 +278 +158 +211 +174 +62 +335 +319 +205 +247 +391 +40 +391 +169 +308 +188 +388 +263 +370 +200 +385 +351 +299 +96 +364 +354 +19 +221 +261 +237 +209 +130 +337 +75 +327 +308 +138 +63 +92 +22 +257 +150 +103 +190 +257 +44 +88 +168 +347 +59 +341 +289 +203 +371 +57 +114 +358 +148 +127 +216 +75 +32 +52 +214 +238 +62 +145 +360 +231 +30 +13 +165 +390  +1 +172 +127 +358 +16 +87 +32 +352 +124 +135 +201 +357 +237 +51 +338 +129 +212 +119 +347 +223 +93 +113 +47 +362 +298 +329
+90 +71 +161 +115 +163 +399 +356 +270 +122 +214 +14 +20 +165 +151 +225 +186 +384 +82  +7 +224 +91 +86 +126 +299 +23 +360 +318 +253 +255 +395 +111 +318 +53 +75 +357 +246 +120 +73 +64 +258 +361 +339 +34 +399 +47 +44 +323 +83 +274 +46 +380 +351 +108 +102 +146 +282 +50 +169 +124 +197 +330 +89 +85 +177 +375 +383 +165 +288 +273 +159 +143 +193 +20 +102 +52 +15 +204 +22 +215 +265 +157 +86 +41 +318 +70 +34 +382  +2 +309 +264 +320 +227 +373 +50 +260 +34 +96  +6 +96 +225
+176 +311 +72 +213 +139 +96 +277 +14 +138 +11 +121 +206 +297 +218 +297 +314 +221  +6 +64 +125 +305 +186 +177 +152 +275 +106 +247 +242 +159 +58 +94 +390 +54 +149 +177 +126 +106 +53 +137 +198 +255 +138 +375 +277 +284 +54 +276 +385 +203 +78 +243 +84 +271 +375 +110 +381 +102 +293 +236 +165 +73 +368  +0 +359 +18 +282 +283 +16 +321 +385 +234 +322 +370 +337 +271 +254 +108 +384 +118 +171 +83 +267 +319 +110 +42 +329 +388 +233 +46 +259 +197 +337 +182 +247 +363 +373 +62 +283 +61 +238
+373 +253 +314 +285 +61 +161 +65 +186 +38 +296 +204 +269 +70 +20 +22 +119 +330 +208 +25 +367 +200 +383 +158 +298 +318 +306 +12 +391 +67 +52 +87 +167 +106 +310 +135 +345 +42 +149 +146 +170 +187 +395 +105 +227 +12 +215 +307  +9 +348 +230 +118 +90 +359 +228 +298 +325 +11 +193 +383 +399 +315 +364 +45 +249 +165 +180 +103 +210 +360 +246 +81 +359 +317 +373 +84 +183 +377 +390 +333 +165 +392 +234 +321 +187 +51 +374 +309 +245 +171 +13 +314 +105 +255 +326 +131 +259 +86 +359 +309 +363
+261 +160 +175 +384 +181 +339 +221 +371 +30 +277 +81 +337 +354 +27 +321 +283 +184 +291  +9 +107 +345 +305  +8 +354 +265 +225 +260 +27 +252 +167 +48  +1 +212 +343 +42 +86 +59 +71 +71 +177 +210 +157 +222 +205 +198 +353 +120 +302 +395 +303 +59 +274 +265 +211 +132 +215 +332 +287 +136 +284 +232 +225 +333 +24 +303 +98 +14 +315 +154 +264 +34 +329 +200 +82 +340 +283 +163 +342 +265 +226 +386 +322 +376 +371 +122 +60 +384 +23 +324 +323 +344 +321 +350  +1 +190 +50 +332 +263  +6 +107
+308 +29 +221 +186 +264 +165 +338 +123 +373 +167 +180 +198 +201 +42 +236 +346 +330 +296 +398  +9 +230 +14 +168 +250 +23 +380 +375 +89 +261 +383 +50 +339 +168 +182 +210 +253 +301 +254 +231 +24 +340 +366 +342 +76 +223 +289 +259 +89 +121 +214 +88 +342 +163 +163 +108 +315 +294 +219 +319 +383 +257 +182 +83 +66 +310 +195 +278 +283 +331 +248 +147  +2 +149 +195 +350 +332 +241 +61 +110 +366 +88 +234 +274 +309 +396 +211 +103 +147 +181 +360 +48 +199 +19 +281 +396 +57 +73 +398 +341 +220
+344 +207 +358 +218 +97 +100 +223 +226 +148 +254 +362 +271 +235 +47 +111 +386 +375 +241 +320 +229 +132 +239 +365 +71 +225 +249 +112 +106 +21 +380 +212 +287 +262 +392 +159 +386 +342 +141 +95 +347 +141 +97 +246 +324 +170 +348 +113 +109 +282 +254 +70 +189 +244 +132 +130 +196 +396 +328 +191 +160 +189 +340 +82 +319 +215  +1 +104 +53 +206 +23 +368 +309 +66 +386 +128 +278 +38 +286 +196 +117 +250 +390 +223 +357 +19 +294 +196 +76  +1 +289 +239 +146 +66  +3  +6 +205 +350 +320 +129 +145
+392 +34 +316 +360 +249  +2 +379 +106 +135 +250 +203 +228 +371 +202 +313 +159 +361 +166 +82 +385 +178 +72 +147 +213 +147 +293 +10 +260 +389 +109 +261 +149 +330 +107 +34 +10 +29 +92 +68 +36 +354 +300 +82 +117 +322 +140 +391  +0 +168 +65 +373  +9 +25 +23 +331 +203 +65 +153 +17 +77 +391 +237 +272 +348 +377 +329 +369 +269 +88 +181 +96 +58 +71 +280 +100 +164  +2 +219 +249 +254 +260 +152 +120  +6 +12 +366 +249 +126 +342 +278  +0 +343 +108 +83 +283 +311 +362 +189 +135 +78
+208 +368 +254 +350 +206 +346 +237 +365 +44 +126 +355 +270 +239 +314 +340 +290 +302 +124 +151 +357 +105 +361 +29 +55 +119 +392 +229 +229 +325 +270 +305 +206 +317 +305 +277 +33 +360 +191 +34 +203 +47 +382 +43 +128 +155 +146 +127 +31 +299 +289 +251 +95 +141 +297 +43 +319 +342 +27 +28  +5 +317 +122  +1 +299 +44 +196 +149 +24 +145 +355 +140 +230 +39 +33 +106 +158 +30 +65 +338 +397 +145 +242 +14 +250 +325 +165 +286 +208 +389 +122 +222 +33 +359 +166 +265 +318 +11 +45 +120 +347
+88 +33 +147 +29 +48 +210 +83 +372 +310 +281 +91 +126 +182 +271 +135 +275 +329 +126 +349 +26 +59 +170 +58 +386 +214 +295 +206 +237 +86 +278 +398 +370 +218 +146 +192 +255 +275 +174 +332 +95 +55 +226 +349 +223 +128 +86 +63 +185 +52 +369 +36 +300 +118 +48 +299 +277 +239 +189 +257 +266 +332 +225 +396 +38 +278 +127 +277 +37 +394 +211 +277 +358 +255 +145 +185 +252 +62 +126 +276 +125 +266 +328 +199 +52 +127 +214 +55 +354 +185 +380 +304 +96 +32 +178 +113 +301 +271 +74 +118 +143
+182 +225 +224 +32 +275 +191 +115 +193 +118 +225 +111 +331 +36 +216 +124 +72 +92  +4 +199 +66 +230 +66 +273 +174 +221 +253 +396 +71 +127 +116 +282 +115 +107 +239 +108 +293 +26 +331 +273 +262 +186  +5 +393 +190 +166 +311 +35 +362 +85 +94 +342 +396 +212 +241 +95 +172 +347 +147 +133 +10 +61 +140 +398 +71 +260 +347 +119 +135 +30 +340 +257 +68 +132 +220 +362 +126 +174 +171 +240 +117 +364 +299 +235 +174 +160 +105 +372  +1 +236 +345 +94 +112 +347 +369 +184 +343 +168 +181 +95 +108
+99 +226 +47 +392 +324 +300 +239 +337 +116 +33 +275 +376 +164 +376 +200 +302 +167 +187 +368 +386 +289 +265 +31 +184 +269 +238 +296 +366 +202 +260 +316 +261 +226 +214 +77 +249 +114 +142 +191 +211 +170 +146 +142 +309 +189 +65 +176 +139 +264 +125 +218 +257 +50 +108 +322 +115 +263 +270 +214 +71 +242 +88 +51 +240 +214 +320 +129 +338 +202 +114 +360 +216 +378 +309 +321 +205 +156 +270 +288 +313 +164 +268 +76 +58 +257 +53 +392 +177 +131 +148 +390 +371 +385 +279 +155 +299 +202 +263 +46 +85
+351 +42 +229 +274 +131  +1 +227 +275 +365 +96 +132 +79 +153 +226  +5  +2 +165 +157 +380 +95 +294 +204 +303 +216 +135 +91 +276 +253 +313 +15 +262 +133 +333 +235 +145  +2 +278 +21 +315 +45 +278 +169 +393 +94 +93 +241 +387 +245 +205 +212 +47 +122 +279 +127 +390 +58 +38 +316 +274 +380 +162 +21 +36 +92 +145 +96 +59 +19 +63 +204 +351 +147 +202 +154 +187 +288 +171 +388 +348 +180 +77 +342 +307 +380 +294 +41 +119 +260 +295 +349 +266 +326 +319 +130 +244 +201 +347 +62 +258 +287
 +6 +310 +241 +51 +394 +109 +283 +312 +291 +315 +81 +385 +52  +3 +151 +221 +333 +128 +219  +4 +284 +82 +161 +184 +260 +70 +270 +45 +255 +354 +49 +353 +373 +224 +345 +96 +343 +240 +184 +352 +236 +243 +399 +309 +174  +8 +14 +106 +350 +290 +286 +346 +220 +328 +95 +168 +344 +371 +293 +127 +315 +368 +227 +195 +185 +86 +171 +359 +60 +160 +341 +208 +37 +243 +76 +77 +139 +75 +347 +59 +334 +10 +26 +258 +320 +341 +240 +237 +30 +136 +171 +226 +241 +384 +164  +9 +239 +217  +4 +393
+126 +138 +61 +97 +258 +317  +4  +4 +199 +141 +384 +341 +171 +85 +209 +102 +147 +313 +385 +179 +387 +214 +135 +386 +192 +20 +65 +75 +115 +269 +219 +392 +286  +3 +98 +233 +249 +282 +363 +298 +32 +253 +68 +314 +127 +388 +146 +388 +290 +278 +132 +105 +12 +292 +314 +380 +204 +91 +26 +194 +59 +88 +279 +256 +169  +3 +219 +77 +56 +157 +61 +151 +71 +201  +5 +310 +13 +352 +294 +131 +252 +148 +285 +308 +318 +384 +277 +197 +104 +251 +183 +10 +289 +187 +215 +153 +157 +290 +279 +396
+186 +45 +58 +381 +19 +197 +220 +11 +57 +33 +17 +256 +361 +50 +383 +155 +31 +63 +81 +122 +362 +308 +178 +111 +287 +78 +136 +13 +87 +63 +253 +332 +394 +359 +210 +36 +382 +40 +179 +279 +209 +255 +47 +307 +340 +297 +390 +139 +135 +160 +321 +249 +164 +198 +298 +101 +128 +280  +8 +345 +168 +396 +162 +320 +357 +269 +132 +139 +396 +59 +21 +138 +71 +191 +221 +189 +61 +221 +366 +284 +173 +397 +91 +167 +302 +82 +25 +283 +26 +77 +326 +20 +42 +244 +315 +329 +241 +44 +12 +149
+390 +397 +165 +108 +140 +358 +243 +336 +202 +133 +157 +373 +103 +266 +333 +272 +341 +47 +89 +299 +279 +380 +90 +214 +256 +364 +368 +133 +287 +384 +108 +254 +122 +176 +232 +214 +352 +91 +174 +338 +142 +278 +164  +1 +164 +395 +165 +34 +306 +380 +44 +298 +299 +77 +303 +232 +254 +372 +284 +307 +290 +200 +224 +184 +315 +186 +184 +201 +379 +84 +304 +81 +127 +348 +11 +353 +109 +357 +372 +392 +202  +0 +104 +294 +212 +86 +335 +55 +346 +290 +218 +169 +290 +325 +57 +175 +289 +153 +326 +368
+355 +227 +159 +181 +160 +230  +8 +58 +226 +22 +180 +261 +244 +43 +250 +47 +302 +202 +21 +237 +348 +42 +278 +61 +78 +281 +21 +273 +149 +133 +145 +18 +306 +114 +268 +137 +101 +48  +5 +265 +167 +13 +392 +74 +309  +9 +175 +31 +51 +314 +25 +214 +97 +324 +358 +55 +191 +315  +3 +291 +330 +99 +345 +134 +251 +115 +382 +95 +303 +104 +124 +117 +67 +90 +21 +43 +139 +271 +286  +7 +238 +59 +56 +91 +390 +371 +102 +132 +327 +205 +66 +238 +76 +210 +234 +87 +28 +160 +194 +204
+112 +169 +283 +257 +252 +49 +21 +271 +264 +204 +114 +11 +39 +61 +210 +190 +80 +283 +292 +207 +274 +203 +38 +123 +230 +230 +289 +314 +264 +245 +341 +262 +132 +77 +224 +207 +346 +123 +149 +36 +199 +194 +110 +225 +19 +213 +227 +46 +167 +41 +291 +233 +186 +243 +115 +190 +249 +350 +153 +231 +112 +211 +260 +272 +207 +265 +276 +12 +354 +150 +366 +83 +261 +90 +155 +43 +17 +350 +72 +282 +334 +251 +53 +10 +123 +200 +353 +119 +318 +18 +313 +38 +181 +35 +362 +17 +285 +131 +328 +148
+248 +384 +142 +207 +13 +34 +16 +64 +293 +267 +385 +152 +159 +82 +173 +73 +247 +57 +131 +226 +323 +309 +118 +318 +131 +371 +366 +336 +28 +119 +233 +371 +192 +323 +25 +312 +114 +184 +358 +123 +247 +200 +189 +397 +250 +226 +124 +236 +141 +344 +10 +109 +85 +14 +221 +141 +230 +118  +2 +26 +224 +99 +257 +90 +215 +395 +95 +92 +37 +376 +186 +348 +236 +113 +102 +49 +312 +70 +155 +270 +128 +391 +78 +397 +261 +396 +169 +322 +159 +382 +217 +202 +154 +364 +299 +97 +356 +166 +215 +223
+266 +276  +3 +188 +227 +100 +299 +398 +213 +361 +93 +200 +330 +107 +254 +363 +323 +41 +254 +323 +42 +240 +98 +273 +42 +71 +160 +45 +40 +245 +322 +115 +299 +290  +6 +69 +112 +378 +234 +376 +353 +275 +108 +97 +43 +270 +73 +289 +226 +230 +287 +184 +318 +383 +78 +377 +189 +94 +236 +98 +354 +65 +138 +188 +86 +323 +305 +227 +193 +67 +177 +337 +169 +177 +203 +394 +156 +340 +234 +196 +253 +207 +386 +247 +305 +119 +396 +388 +252 +13 +190 +267 +207 +383 +53 +288 +181 +189 +289 +49
+51 +158 +184 +352 +394 +329 +320 +121 +178 +275 +328 +108 +238 +249 +62 +52 +367 +36 +171 +77 +141 +388 +111 +113 +50 +395 +123 +327 +114 +50 +142 +369 +177 +155 +97 +160 +266 +87 +184 +156 +196 +18 +14 +171 +371 +152 +38 +61 +32 +189 +293 +123 +178 +102 +257 +25 +170 +297 +182 +124 +260 +25 +328 +129 +81 +148 +397 +275 +354 +377  +9 +194 +240 +256 +121 +89 +274 +48 +311 +31 +314 +34 +168 +151 +351 +96 +76 +125 +371 +131 +167 +393 +279 +369 +258 +88 +17 +170 +115 +50
+219 +47 +361 +344 +64 +317 +247 +396 +297 +142 +30 +122 +164 +270 +399 +107 +168 +238 +133 +373 +238 +283 +223 +239 +304 +224 +146 +101 +369 +240 +176 +320 +315 +74 +294 +259 +128 +175 +29 +338 +63 +349 +51 +161 +52 +347 +345 +129 +41 +221 +35 +384 +287 +83 +224 +209 +66 +361 +368 +86 +377 +273 +345 +18 +87  +8 +188 +128 +266 +230 +399 +339 +328 +196 +65 +229 +147 +367  +6 +351 +226 +248 +194 +320 +105 +137 +94 +43 +341 +374 +88 +77 +83 +49 +189 +77 +176 +19 +386 +395
+125 +384 +245 +185 +28 +74 +66  +3 +338 +166 +161 +361 +208 +313  +0 +314 +280 +358 +135 +204 +76 +304 +261 +204 +392 +243 +131 +367 +321 +358 +240 +147 +239 +179 +206 +142 +75 +316 +113 +279 +76 +252 +346 +14 +80 +173 +371 +197 +379 +79 +132 +153 +33 +307  +6 +378 +34 +225 +373 +278 +241 +161 +295 +224 +248 +170 +155 +353 +163 +392 +301 +77 +397 +384 +315 +222 +25 +305 +323 +98 +184 +250 +105  +1  +6 +42 +216 +61 +117 +187 +122 +120 +339 +21 +177 +79 +191 +97 +126 +75
 +9 +300 +92 +235 +167 +71 +44 +357 +83 +40 +166 +397 +63 +99 +276 +168 +157 +220 +195 +60 +173 +334 +296 +239 +132 +204 +115 +254 +172 +63 +103 +296 +198  +2 +349 +249 +76 +169 +237 +118 +305 +253 +306 +82 +160 +64 +110 +44 +107 +128 +236 +132 +96 +357 +187 +373 +98 +325 +390 +27 +246 +328 +154  +0 +98 +263 +32 +320 +159 +240 +369 +168 +235 +131 +134  +6 +141 +212 +227 +299 +134 +95 +181 +355 +265 +281 +168 +135 +150 +135 +345 +332 +313 +263 +79 +55 +343 +357 +223 +118
+190 +93 +68 +195 +224 +134 +39 +31 +384 +173 +208 +69 +155 +291 +376 +126 +22 +131 +376 +250 +80 +390 +12 +92 +137 +373 +28 +45 +229 +190 +372 +199 +346 +27 +262 +126 +398 +338 +330 +330 +50 +340 +79 +392 +366 +354 +271 +35 +19 +290 +206 +308 +299 +243 +284 +355 +135 +211 +40 +80 +113 +326 +367 +304 +337 +65 +88 +92 +22 +184 +393 +394 +246 +280 +268 +30  +7 +85 +345 +161 +138 +257 +155 +336 +108 +364 +155 +311 +10 +200 +153 +320 +376 +106 +282 +277 +191 +178 +317 +315
+170 +276 +207 +174 +125 +65 +67 +258 +375 +57 +355 +276 +362 +13 +195 +12 +391 +384  +4 +63 +363 +128 +273 +325 +34 +67 +167 +335 +49 +277 +276 +85 +131 +200 +387 +363 +346 +314 +208 +324 +279 +116 +230 +270 +11  +8 +55 +310 +380 +94 +125 +54 +323 +128 +143 +171 +98 +358 +284 +317  +0 +170 +203 +209 +321 +48 +164 +152 +67 +60 +113 +198 +180 +348 +238 +201 +229 +315 +386 +72 +269 +71  +2 +30 +296 +59 +231 +398 +321 +305 +330 +26 +259 +64 +49 +215 +10 +301 +156 +37
+24 +127 +148 +103 +58 +13 +149 +80 +32 +302 +105 +261 +340 +39 +101 +280 +44 +364 +215 +388 +390 +164 +147 +101 +322 +175 +251 +55 +158 +15 +171 +99 +166 +306 +226 +63 +71 +88 +103 +319 +336 +143 +60 +301 +312 +273 +381 +70 +230 +377 +225 +131 +358 +239 +151 +135 +44 +112 +288  +7 +399 +227 +304 +126 +217 +201 +13 +199  +4 +110 +257 +307 +228 +17 +125 +90 +236 +377 +180 +288 +269 +193 +188 +209 +396 +50 +372 +11 +276 +103 +253 +69 +292 +130 +260 +115 +396 +383 +216 +211
+399 +236 +260 +127 +248 +309 +74 +31 +217 +176 +353 +371 +307 +136 +138 +253 +294 +389 +179 +220 +274 +58 +350 +146 +104 +103 +183 +364 +80 +306 +303 +195  +1 +321 +331 +195 +147  +1 +343 +239 +369 +218 +344 +77 +72 +143 +179 +261 +203 +335 +182 +213 +12 +272 +305 +196 +315 +363 +77 +144 +379 +286 +120 +334 +35 +93 +280 +219 +180 +248 +92 +50 +204 +351  +6 +41 +366 +212 +167 +96 +219 +66 +208 +69 +136 +300 +275 +322 +20 +272 +309 +25 +42 +357 +119 +359 +142 +16 +29 +172
+316 +152 +135 +373 +167 +295 +344 +266 +267 +370 +41 +127 +237 +282 +124 +181 +201 +55 +366 +83  +6 +395 +359 +365 +142 +226 +338 +395 +29 +13 +127 +108 +199 +280 +100 +224 +24 +370 +81 +103 +300 +288  +9 +41 +181 +131 +265 +308 +180 +276 +250 +328 +149 +228 +155 +242 +255 +338 +391 +73 +271 +220 +377 +346 +160 +32 +200 +105 +147 +23 +235 +41 +146 +223 +29 +349 +107 +37 +115 +387 +219 +187 +142 +190 +176 +395 +93 +242 +342 +248 +362 +146 +167 +124 +179 +396 +18 +248 +193 +41
+249 +97 +143  +0 +299 +289 +332 +165 +354 +37 +309 +151 +86 +95 +61 +48 +388 +213 +203 +69 +47 +106 +296 +219 +146 +156 +120 +93 +60 +152 +154 +174 +281 +276 +336 +126 +35 +72 +294 +102 +35 +383 +82 +312 +212  +5 +340 +224 +189 +159 +142 +196 +359 +178 +194 +222  +2 +85 +154 +46 +340 +165 +30 +304 +165 +76 +160 +273 +177 +224 +164 +319 +136 +229 +271 +388 +29 +116 +279 +193 +134 +23 +375 +38 +124 +337 +111 +34 +260 +173 +396 +111 +118 +30 +163 +88 +94 +121 +229 +156
+188 +157 +279 +178 +316 +229 +323 +147 +339 +342 +357 +247 +208 +269 +276 +393 +379 +134 +347 +345 +135 +230 +90 +80 +114 +349 +44 +303 +188 +156 +210 +151 +295 +231 +300 +69 +387 +26 +345 +100 +333 +254 +319 +65 +332 +128 +358 +280 +399 +159 +342 +367  +8 +228 +213 +301 +290 +64 +151 +50 +336 +276 +98 +50 +304 +269 +251 +152 +389 +213 +242 +368 +361 +324 +241 +42 +373  +5 +319 +291 +44 +157 +344 +42 +263 +183 +126 +183 +358 +205 +331 +333 +134 +124 +389 +210 +64 +45 +54 +288
+158 +188 +268 +107 +131 +234 +99 +311 +87 +200 +299 +240 +20 +242 +203 +399 +101 +367 +98 +285 +350 +192 +282 +339 +293 +122 +245 +27 +209 +349 +130 +107 +188 +346 +307 +125 +234 +378 +113 +353 +204 +54 +21 +391 +101 +313 +99 +83 +299 +331 +101 +154 +58 +392 +193 +83 +273 +31 +141  +5 +80 +199 +290 +358 +45 +19 +50 +84 +155 +327 +101 +360 +255 +326 +296 +198 +137 +270 +119 +387  +9 +321  +6 +73 +47 +111 +234 +233 +247 +104 +298  +5 +109 +75 +301 +293 +210 +74 +272 +44
+113 +180 +131 +32 +54 +291 +329 +55 +300 +185 +135 +305 +213 +205 +272 +17 +373 +298 +138 +199 +156 +266 +388 +131 +214 +73 +80 +363 +353 +198 +219 +338 +131 +301 +132 +215 +389 +336 +349 +304 +296 +203 +306 +367 +52 +280 +358 +190 +278 +58 +365 +232 +101 +333 +157 +386 +76 +22 +72 +342 +342  +1 +155 +46 +16 +193 +293 +399 +55 +88 +130  +7 +65 +251 +133 +164 +187 +42 +40 +352 +141 +249 +158 +261 +199 +321 +351 +117 +78 +108 +238  +7 +212 +188 +235 +394 +231 +236 +299 +75
+88 +379 +29 +250 +95 +355 +182 +119 +370 +50 +226 +313 +91 +109 +121 +178 +52 +54 +178 +301 +150 +338 +309 +22 +59  +9 +194 +395 +396 +226 +179  +8 +79 +278 +141 +67 +181 +50 +157 +324 +83 +284 +51 +62 +173 +145 +44 +358 +29 +371 +47 +356 +105 +284 +10 +133 +120 +37 +41 +392 +202 +116 +62 +231 +297 +15  +6 +351 +363 +352 +291 +86 +300 +295 +20 +86 +334 +271 +321 +92 +84 +14 +288 +257 +87 +69 +138 +73 +134 +113 +300 +343 +354 +22 +93 +266 +369 +134 +204 +144
+294 +383 +180 +386 +352 +277 +78 +264 +216 +202 +23 +119 +178 +348 +378 +99 +135 +325 +381 +329 +253 +135 +327 +14 +51 +240 +74 +378 +256 +281 +342 +168 +342 +31 +329 +57  +2 +100 +247 +34 +154 +10 +326 +112 +112 +52 +62 +77 +250 +225 +24 +247 +86  +9 +311 +96 +201 +298 +324 +113 +16 +357 +364 +358 +361 +315 +175 +74 +171 +28 +214 +340 +160 +245 +250 +365 +243 +80 +342 +205 +244 +26 +244 +228 +133 +31 +311 +112 +50 +187 +181 +258 +388 +39 +241 +284 +349 +313 +333 +149
+343 +263 +66 +37 +238 +273 +73 +117 +356 +331 +305 +97 +128 +61 +324 +375 +353 +302 +235 +381  +2 +45 +343 +348 +335 +198 +210 +391 +176 +116 +40 +265 +101 +255 +309 +144 +173 +330 +209 +330 +218 +256 +113 +83 +324 +256 +141 +49 +66 +170 +312 +170 +25 +72 +62 +391 +330 +23 +386 +61 +378 +336 +90 +15 +193 +49 +335 +205 +306 +57 +134 +161 +79 +199 +366 +244 +168 +318 +300 +227 +392 +117 +13 +209 +56 +278 +225  +4 +156  +2 +332 +127 +185 +64 +152 +19 +169 +342 +376 +232
+38 +124 +25 +257 +299 +191 +83 +329 +10 +248 +251 +198 +196  +8 +70 +218 +358 +102 +225 +394 +226 +65 +97 +15 +323 +295 +46 +96 +153 +14 +358 +193 +384 +72  +8 +330 +61 +161 +274 +93 +346 +387 +329 +242 +238 +167 +102 +14 +216 +76 +321 +103 +363 +394 +36 +138 +34 +189 +48  +9 +57  +1 +366 +12 +136 +375 +235 +348 +262 +267 +294 +16 +87 +129 +396 +390 +204 +388 +153 +78 +164 +300 +361 +295  +5 +392 +217 +32 +329 +163 +173 +366 +368 +286 +292 +114 +57 +396 +203 +309
+159  +5 +94 +96 +370 +50 +48 +182 +319 +122 +104 +156 +97 +52 +194 +106 +205 +131 +376 +331 +118 +47 +234  +4 +315 +283 +318 +169 +246 +278 +193 +33 +251 +190 +32 +238 +51  +5 +134 +102 +226 +91 +11 +70 +15 +360 +259 +181 +270 +392 +177 +115 +246 +292 +138 +366 +44 +130 +79 +69 +384 +158 +204 +103 +48  +0 +395 +361 +132 +322 +375 +164 +44 +349 +324 +189 +155 +87 +185 +139 +92 +216 +392 +190 +149 +171 +164 +202 +20 +222 +317 +80 +52 +100 +24 +304 +215 +132 +144 +68
+112 +12 +143 +343 +23 +119 +61 +74 +147 +45 +295 +29 +201 +383 +378  +4 +35 +170  +7 +344 +369 +150 +393 +95 +39 +177 +367 +37 +160 +344 +341 +374 +219 +74 +94 +40 +352 +190 +171 +390 +125 +193 +312 +382 +260 +300 +351 +263 +349 +381 +239 +399 +314 +69 +288 +289 +30 +41 +204 +31 +161 +357 +249 +20 +113 +394 +49 +105 +78 +281 +28 +276 +144 +64 +364 +381 +169 +330 +153 +76 +320 +356 +228 +239 +266 +378 +80 +16 +298 +244 +58 +24 +257 +55 +18 +304 +98 +349 +118 +145
 +8 +330 +391 +20  +2 +32 +319 +280 +252 +78 +89 +146 +247 +52 +253 +339 +150 +168 +235 +366  +8 +390  +3 +266 +244 +199 +12 +146 +342 +365 +307 +342 +56 +221 +280 +299 +84 +56 +288 +251 +310 +39  +7 +23 +96 +29 +366 +117 +253 +367 +359 +368 +358 +11 +269 +181 +57 +165 +130 +210 +95 +17 +116 +96 +128 +256 +25 +361 +390 +251 +319 +343 +345 +335 +188 +24 +275 +225 +123 +276 +256 +36 +333 +123 +280 +216 +137 +44 +263 +268 +377 +368 +164 +352  +8 +103 +13 +105 +151 +277
+135 +249 +49 +191 +126 +11 +127 +67 +372 +187 +165 +56 +205 +242 +199 +285 +29 +268 +358 +111 +70 +296 +133 +267 +319 +119 +148 +129 +127 +24 +319 +233 +111 +78 +367 +75 +157  +1 +361 +283 +234 +87 +141 +248 +397 +122 +146 +325 +198 +244 +87 +297 +53 +166 +174 +345 +107 +32 +359 +366 +286 +67 +104 +293 +374 +159 +325 +259 +328 +252 +398 +41 +273 +306 +225 +258 +113 +174 +90 +304 +305 +295 +311 +240 +370 +344 +176 +62 +102 +63 +311 +87 +55 +154 +175 +131 +252 +184 +391 +193
+398 +133 +122 +37 +105 +47 +334 +156 +178 +220 +279 +14 +223 +130 +158 +204 +389 +216 +349 +301 +236 +387 +345 +366 +163  +0 +133 +333 +389 +59 +215 +393 +170 +184 +50 +82 +315 +52 +233 +217 +140 +38 +133 +41  +7 +31 +136 +399 +370 +22 +283 +309 +202 +291 +331 +103 +307 +141  +5 +103 +77 +280 +40 +75 +34 +99 +389 +137 +387 +95 +116 +389 +180 +188 +178 +200 +396 +71 +385 +298 +12 +60 +57 +339 +186 +283 +398 +179 +353 +199 +343 +379 +313 +89 +120 +94 +384 +333 +324 +320
+121 +135 +120 +268 +53 +135 +138 +125 +233  +5 +398 +162 +198 +146 +168 +105 +127 +322 +207 +271 +51 +93 +139 +273 +387 +209 +158 +381 +41 +74 +99 +310 +197 +173 +102 +394 +153 +250 +285 +176 +89 +142 +175 +170 +14 +90 +273 +123 +122 +288 +259 +358 +304 +335 +288 +306 +210 +229 +313 +15 +101 +307 +157  +0 +81 +183 +45 +182 +261 +303 +173 +13  +0 +253 +258 +210 +395 +31 +288 +158 +308 +320 +129 +200 +168 +319 +301 +265 +318 +319 +280 +294 +20 +106 +326 +114 +232 +195 +381 +16
 +0 +139 +120 +366 +375 +262 +364 +250 +63 +298 +23 +155 +87 +245 +111 +313 +102 +367 +296 +308 +37 +102 +16 +197 +266 +134 +293 +38 +235 +125  +5 +13 +386 +358 +243 +369 +387 +23 +218 +379 +277 +309 +39 +398 +226 +27 +16 +182 +385 +152 +352 +306 +330 +40 +222 +39 +79 +234 +32 +242 +17 +378 +67 +81 +259 +232 +31 +324 +246 +230 +349 +175 +258 +70 +265 +118 +336 +254 +191 +20 +343 +178 +121 +315 +110 +238 +261 +200 +265 +127 +107 +311 +20 +225 +275 +256 +55 +109 +301 +179
+100 +350 +335 +138 +390 +356 +295 +85 +168 +283 +300 +18 +308 +304 +266 +326 +99 +116 +308 +185 +56 +317 +11 +220 +207 +152 +60 +270 +157 +231 +344 +209 +168 +378 +65 +266 +209 +185 +176 +197 +216 +301 +347 +80 +77 +210 +144 +156 +216 +132 +245 +133 +230 +211 +123 +125 +55 +348 +20 +233 +31 +219 +130 +308 +398 +340 +49 +117 +273 +335 +277 +210 +38 +349 +242 +284 +298 +241 +102 +103  +9 +162 +256 +233 +273 +370 +317 +335 +329 +43 +253 +272 +27 +199 +92 +57 +323 +253 +299 +166
+29 +370 +213 +182 +110 +12 +265 +179 +265 +328 +98 +87 +365 +247 +181 +225 +60 +130 +272 +52 +349 +218 +161 +181 +199 +183 +330 +68 +277 +232 +223 +96 +222 +130 +27 +90 +312 +122 +126 +300 +86 +129 +302 +260 +153 +323 +229 +358 +282 +253 +340 +124  +9 +160 +290 +230 +212 +242 +175  +0 +349 +60 +86 +363 +61 +264 +270 +322 +90 +393 +205 +380 +114 +35 +236 +137 +325 +323 +316 +71 +357 +384 +261 +143 +112 +333 +75 +224 +236 +33 +10 +127 +352 +13 +124 +36 +28 +83 +317 +194
+354 +300 +188 +37 +230 +281 +49 +82 +103 +373 +45 +368 +41 +307 +331 +50 +181 +151 +13 +253 +173 +260 +270 +129 +176 +130 +151 +151 +104 +398 +180 +367 +49 +171 +275 +143 +321 +308 +152 +269 +352 +147 +202 +105 +74 +317 +340 +327 +380 +348 +58 +133 +94 +80 +127 +268  +8 +347 +100 +16 +144 +87 +87 +275 +93 +78 +325 +234 +221 +314 +127 +202 +351 +212 +133 +80 +362 +108 +360 +91 +382 +53 +340 +359 +106 +148 +252 +306 +261 +199 +293 +71 +43 +314 +369 +131 +174 +361 +123 +268
+356 +274 +181 +381 +131 +95 +63 +91 +63 +277 +249 +165 +62 +257 +240  +0 +67 +158 +232 +113 +76 +125 +314 +199 +392 +370 +32 +158 +109 +147 +94 +308 +41 +20 +161 +11 +51 +228 +358 +245 +193 +223 +297 +266 +34 +194  +1 +307 +108 +50 +17 +169 +35 +124 +329 +398 +146 +390 +105 +51 +337  +8 +68 +264 +394 +302 +272 +300 +382 +268 +90 +49 +156 +197 +351 +307 +100 +207 +350 +213 +329 +67 +136  +7 +89 +35 +175 +396 +17 +13 +109 +269 +370 +125 +277 +84 +223 +134 +336 +318
+178 +75 +134 +304 +254 +215 +32 +179 +142 +279 +280 +365 +126 +164 +393 +179 +63 +33 +277 +195 +233 +384 +361 +317 +328 +318 +349 +214 +69 +14 +119 +311 +272 +147 +342 +203 +91 +275 +173 +129 +43  +4 +168 +160 +343 +113 +317 +19 +239 +394 +46 +158 +212 +333 +171 +356 +394 +322 +349 +204 +29 +39 +368 +382 +122 +88  +3 +19 +84 +96 +105 +205 +255 +335 +391 +291 +68 +79 +187 +200 +120 +145 +88 +166 +45 +113 +176 +318 +231 +194 +245 +131 +277 +220 +152 +288 +219 +57 +25 +340
+161 +48 +122 +222 +266 +389 +319 +204 +359 +79 +85 +367 +230 +196 +370 +169 +191 +396 +193 +224 +267 +217 +313 +37 +52 +93 +16 +207 +228 +398 +294 +15  +3 +175 +290 +375 +214 +148 +199 +51 +269 +116 +80 +37 +141 +350 +375 +314 +322 +114 +26 +282 +241 +347 +340 +119 +51 +222 +160 +234 +143 +379 +196 +185 +240 +73 +311 +234 +245 +358 +254 +121 +336 +191 +112 +241 +195 +20 +123 +290 +258 +308 +159 +233 +361 +316 +237  +9 +340  +8 +338 +43 +285 +183 +84 +201 +57 +77 +179 +276
+77 +60 +263 +375 +242 +292 +76 +163 +73 +278 +272 +19 +111 +89 +16 +365 +90 +371 +169 +131 +128 +29 +180 +324 +129 +227 +132 +266 +218 +388 +79 +153 +173 +245 +11 +39 +278 +278 +241 +191 +207 +377 +385 +392 +200 +194 +227 +301 +123 +86 +305 +171 +258 +274 +343 +358 +116 +165 +106 +211 +267 +58 +150 +159 +317 +213 +22 +33 +80 +10 +20 +243 +352 +140 +24 +263 +71  +1 +246 +275 +362 +336 +294 +327 +94 +51 +76 +341 +12 +343 +279 +84 +151 +335 +139 +231 +39 +346 +113 +392
+78 +363 +248 +168 +128 +31 +338 +338 +195 +43 +348 +288 +189 +60 +314 +343 +171 +145 +38  +3 +86 +210 +389  +8 +40 +196 +280 +203 +38 +162 +258 +105 +44 +348 +308 +231 +317 +10 +177 +120 +296 +281 +155 +19 +177 +120 +163 +58 +241 +340 +73 +389 +336 +361 +22 +226 +305 +47 +207  +3 +333 +31 +77 +364 +325 +58 +189 +368 +252 +359 +293 +298 +77 +390 +291 +304 +32 +307 +107 +87 +335 +61 +270 +340 +195 +170 +64 +120 +337  +5 +142 +192 +141 +340 +156 +161 +67 +383 +64 +321
+143 +222 +98 +93 +22 +301 +48 +246 +230 +305 +13 +221 +145 +266 +204 +125 +214  +8 +22 +89 +335 +197 +88 +394 +20 +194 +64 +125 +353 +229 +114 +130 +396 +194 +318 +17 +317 +313 +191 +213 +90 +126 +154 +234 +314 +132 +44 +335 +139 +90 +153 +254 +102 +367 +153 +150 +147 +198 +155 +352 +79 +99 +325 +227 +345 +228 +72 +201 +45 +340 +251 +130 +366 +324 +145 +307 +384 +276 +207 +368 +148 +397 +104 +391 +152 +105 +28 +227 +260 +308 +103 +119 +210  +3 +24 +296 +210 +142 +170 +58
+209 +67 +272 +68 +191 +277 +300 +140 +351 +207 +140 +90 +382 +185 +156 +188 +317 +28 +120 +51 +42 +254 +367 +251 +192 +129 +350 +385  +5 +207 +100 +27 +354 +259 +123 +97 +313 +337 +191 +170 +185 +92 +271 +202 +73 +289 +204 +22 +275 +275 +212 +96 +367 +77 +172 +207 +116 +66 +98 +220 +95 +55 +232 +68 +177 +235 +266 +227 +335 +157 +246 +200 +226 +221 +313 +247 +267 +373 +349 +133 +138 +39 +10 +324 +193 +395 +117 +86 +35 +212 +320 +215 +112 +262 +225 +63 +48 +216 +224 +33
+369 +185 +158 +339 +354 +236 +281 +216 +310 +289 +171 +291 +29 +30 +316 +296 +138 +326 +156 +318 +201 +251 +116 +72 +330 +29  +8 +279 +161 +22 +89 +41 +24 +385 +272 +99 +253 +206 +81 +276 +26 +294 +157 +155  +4 +145 +298 +194 +15 +248 +358 +236 +230 +162 +185 +328 +333 +116 +310 +285 +193 +74 +388 +224 +251 +280 +232 +77 +222 +370 +23 +104 +20 +201 +265 +91 +90 +98 +265 +122 +333 +300 +357 +215 +97 +16 +254 +153 +168 +343 +152 +259 +339 +258 +88 +104 +338 +43 +256 +378
+43 +24 +397 +233 +291 +282 +392 +371 +10 +10 +23 +192 +249 +140 +332 +170 +376 +149 +383 +151 +41 +16 +46 +294 +56 +393 +31 +319 +371 +282 +124 +319 +194 +27 +90 +51 +262 +126 +255 +168 +105 +106 +68 +329 +321 +44 +242 +37 +353 +46 +157 +93 +103 +285 +105 +280 +291 +202 +308 +61 +378 +184 +98 +206 +308 +303 +57 +264 +95 +111 +37 +96 +342 +193 +41 +192 +284 +295 +29 +219 +347 +317 +86 +257 +278 +74 +377 +321 +386 +247 +94 +117 +260 +78 +158 +244 +359 +285 +105 +237
+55 +257 +172 +375 +187 +196 +20 +268 +251 +329 +221 +286 +56 +330  +9 +305 +294 +265 +233 +203 +312 +153 +396 +193 +312 +299 +156 +358 +47 +244 +52 +160 +206 +156 +215 +167 +358 +323 +288 +76 +168 +19 +347 +204 +248 +234 +327 +289 +47 +268 +169 +54 +336 +96 +249 +221 +343 +277 +213 +281 +154 +43 +96 +108 +30 +317 +67 +347 +194 +397 +112 +370 +151 +77 +62 +277 +80 +258 +393 +389 +62 +192 +180 +76 +181 +245 +146 +52 +289 +328 +59 +170 +362 +330 +241 +35 +356  +9 +192 +215
+102 +160 +295 +118 +270 +183 +149 +157 +354 +284 +33 +169 +20 +211 +362 +142 +110 +150 +55 +321 +29 +142 +267 +179 +199 +215 +356 +204  +0 +257 +97 +245 +268 +305 +32 +157 +360 +291 +36 +244 +246 +107 +156 +131 +195 +336 +343 +25 +73 +161 +201 +74 +76 +37 +397 +96 +363 +192 +159 +356 +31 +398 +332 +245 +151 +298 +313 +213 +351 +210 +88 +220 +342 +210 +345 +116 +371 +231 +273 +95 +61 +290 +378 +337 +142 +128 +171 +175 +386 +44 +258 +211 +329 +375 +318 +246 +261 +373 +27 +68
+245 +177 +67 +56 +332 +208 +384 +380 +354  +9 +132  +5 +201 +14 +14 +288 +99 +342 +263 +37 +86 +360 +300 +240 +361 +301 +100 +255 +47 +348 +387 +356 +230 +57 +95 +198 +157 +227 +320 +52 +147 +239 +87 +223 +389 +41 +41 +180 +215 +234 +22 +188 +106 +270 +151 +121 +162 +94 +69 +131 +296 +123 +260 +374 +66 +151 +283 +107 +354 +52 +339 +224 +37 +40 +274 +88 +174 +393 +212 +214 +379 +147 +371 +302 +196 +397 +88 +165 +244 +328 +65 +168 +157 +216 +167 +244 +64 +160 +49 +312
+257 +347 +187 +292 +155 +35 +117 +64 +195 +157 +268 +242 +320 +330 +212 +352 +301 +352 +92 +181 +125 +192 +333 +152 +365 +148 +147 +395 +393 +358  +7 +58 +111 +194 +290 +198 +131 +366 +124 +33 +298 +147 +271 +117 +214 +187 +192 +288 +141 +379 +399 +261 +347 +55 +22 +47 +35 +203 +278 +41 +134 +62 +95 +114 +197 +221 +251 +264 +308 +188 +124 +230 +192 +384 +256 +93 +345 +42 +81 +392 +153 +175 +238 +270 +180 +93 +52 +76 +190 +152 +201 +96 +38 +255 +317 +396 +276 +174 +130 +94
+296 +67 +154 +396 +53 +167 +379 +323  +0 +264 +362 +384 +193 +287 +266 +278  +7 +253 +69 +253 +211 +29 +143 +336 +381 +172 +64 +77 +40 +257 +61 +319 +138 +209 +363 +374 +102 +36 +89 +229 +244 +134 +264 +96 +28 +118 +146 +241 +92 +281 +310 +256 +292 +116 +205 +379 +187 +226 +250 +333 +316 +225 +38 +104 +290 +172 +84 +194 +273 +263 +303 +232 +221 +288 +252 +49 +190 +198 +11 +91 +27 +284 +284 +155 +361 +311 +39 +352 +223 +81 +331 +256 +211 +48  +1 +233 +13 +234 +236 +352
+90 +386 +222 +196 +147  +0 +170 +253 +390 +392 +373 +236 +207 +195 +282  +8 +50 +22 +322 +271 +320 +305 +180 +225 +93 +178 +89 +205  +9 +309 +69 +148 +218 +371 +41  +8 +209 +214 +96 +59 +103 +351 +207 +30 +286 +58 +232 +145 +96 +190 +71 +297  +0 +253 +45 +383 +261 +286 +364 +195 +71 +252 +142 +69 +345 +336 +221 +262 +393 +162 +304 +58 +372 +99 +120 +277 +258 +314 +358 +235 +111 +240 +211 +62 +164 +172 +109 +60 +380 +22 +344 +378 +252 +301 +230 +173 +212 +68 +126 +200
+185 +96 +206 +152 +12 +213 +14 +231 +243 +394 +241 +29 +371 +183 +38 +265 +328 +99 +385 +241 +29 +171 +146 +90 +124 +306 +360 +306 +279 +77 +222 +108 +352 +311 +50 +60 +230 +259 +24 +263 +331  +6 +38 +98 +95 +364 +292 +157 +45 +302 +207 +91 +339 +316 +49 +72 +238 +87 +378 +103 +108 +230 +122  +5 +226 +134 +125 +48 +338 +323 +65 +398 +215 +270 +56 +337 +222 +57 +238 +135 +374 +70 +315 +131 +123 +185 +131 +24 +302 +261 +396 +206 +380 +226 +210 +140 +168 +246 +84 +222
+242 +46 +187 +25 +349 +24 +246 +229 +313 +236 +361 +317 +71 +216 +191 +161 +369 +236 +388 +330 +106 +15 +85 +182 +206 +128 +219 +41 +346 +274 +259 +332 +313 +255 +171 +49 +302 +140 +331 +133 +155 +202 +368 +317 +97 +149 +335 +265 +183 +84 +205 +305 +29 +382 +107 +166 +398 +245 +212 +388 +302 +142 +302 +50 +123 +310 +389 +379 +146 +292 +92 +72 +387 +49 +115 +230 +37 +204 +32 +149 +335 +280 +193 +97 +49 +277 +381 +118 +351 +340 +353 +286 +394 +186 +294 +357 +45 +304 +107 +15
 +0 +398 +243 +198 +337 +228 +241  +4 +128 +186 +69 +29 +183 +162 +55 +375 +49 +166 +321 +123 +212 +65 +91 +97 +362 +158 +332 +177 +80 +391 +211 +364 +210  +2 +102 +61 +315 +69 +46 +212 +36 +224 +31 +287 +312 +318 +12 +387 +356 +392  +3 +95 +344 +310 +87 +347 +41 +81 +308 +397 +40 +175 +182 +216 +88 +376 +263 +133 +281 +281 +116 +127 +244 +94 +165 +387 +173 +398 +241 +194 +357 +218 +394 +33 +69 +149 +272 +17 +67 +45 +345 +295  +3 +212 +148 +47 +81 +313 +386 +63
+283 +151 +348 +41 +321 +177 +234 +306 +340 +226 +22 +309  +4 +186 +63 +205 +256 +360 +121 +159 +66 +299  +2 +298 +311 +166 +284 +375 +158 +261 +387 +306 +242 +189 +74 +382 +375 +25 +135 +387 +291 +103 +48 +326 +386 +283 +82 +161 +296 +337 +46 +361 +206 +137 +234 +19 +187 +287 +367 +370 +197 +49 +349 +352 +346 +187 +166 +118 +24 +31 +301 +315 +321 +137 +395 +106 +306 +100 +182 +158 +83 +150 +172 +339 +36 +352 +82 +117 +360 +11 +338 +366 +187 +148 +121 +135 +288 +197 +211 +37
+357 +59 +37 +316 +274 +243 +304 +380 +384 +80 +53 +62 +175 +309 +65 +356 +87 +120 +134 +352 +219 +359 +94 +167 +166 +40 +44 +230 +231 +332 +85 +237 +370 +307 +221 +21 +79 +327 +336 +393 +388 +22 +375 +171 +365 +264 +266 +91 +166 +29 +155 +256 +56 +93 +289 +308 +116 +247 +111 +387 +32 +278 +76 +311 +319 +118 +380 +333 +28 +71 +203 +142 +321 +378 +305 +355 +150 +61 +238 +306 +184 +202 +142 +89 +131 +90 +126 +353 +254 +380 +18 +386 +331 +346 +74 +57 +29 +246 +31 +361
+342 +377 +43 +203 +266 +218 +316 +380 +13 +285 +201 +257 +234 +334 +85 +210 +171 +311 +237 +345 +358 +139 +376 +51 +316 +236 +25 +80  +4 +61 +189 +205 +259 +229 +378 +28 +192 +235 +295 +335 +91 +372 +323 +259 +67 +336 +40 +208 +288 +298 +59 +157 +143 +130 +90 +31 +188 +20 +58 +389 +309 +296 +24 +13 +108 +344 +109 +389 +116 +85 +251 +183 +311 +15 +137 +116 +156 +59 +296 +262 +235 +280 +331  +0 +281 +312 +71 +299 +394 +128 +346 +299 +54 +231 +59 +137 +53 +317 +20 +148
+109 +307 +223 +54 +143 +302 +224 +216  +8 +276 +119 +203 +321 +143 +86 +388 +141 +320 +271 +39 +225 +137 +335 +165 +190 +132 +82 +102 +22 +129 +274  +5 +190 +128  +8 +312 +164 +80 +385 +295 +114 +252 +88 +50 +23 +275 +31 +325 +332 +347 +146 +181 +44 +64 +336 +57 +300 +234 +79 +224 +68 +272 +253 +182 +219 +350 +174 +273 +198 +54 +225 +47 +10 +143 +146 +38 +108 +242 +178 +157 +185 +193 +226 +73 +256 +135 +367 +52 +386 +349 +94 +119 +206 +293 +183 +81 +152 +293 +332 +203
+12 +44 +214 +372 +364 +95 +294 +370 +353 +261 +10 +334 +48 +208 +131 +338 +161 +232 +187 +33 +128 +45 +36 +209 +12 +328 +200 +50 +203 +294 +139 +337 +149 +28 +32 +227 +115 +29 +228 +136 +308 +122 +72 +71 +386 +261 +129 +344 +375 +324 +177 +138 +257 +92 +267 +253 +234 +92 +166 +284 +129 +385 +121 +105 +129 +55 +45 +236 +237 +336  +8 +360 +58 +130 +195 +21 +186 +44 +374 +347 +291 +319 +248 +86 +212 +377 +106 +336 +264 +269 +58 +322 +70 +357 +179  +9 +380 +318 +32 +285
+60 +139 +221 +386 +279 +25 +337 +350 +308 +278 +340 +301 +347 +159 +311 +364 +51 +379 +44 +326 +364 +337 +163 +147 +182 +61 +390 +345 +145 +359 +167 +308 +291 +61 +129 +65  +2 +117 +131 +126 +356 +69 +167 +139 +113 +68 +23 +356 +268 +155 +72 +23 +163 +294 +187 +194 +137 +27 +216 +251 +272 +193 +198 +268 +363 +188 +293 +196 +297 +301 +96 +96  +7 +366 +69 +72  +2 +178 +94 +290 +223  +5 +219 +398 +142 +105 +241 +76 +34 +247 +76 +180 +219 +257 +35 +243 +211 +167 +121 +327
+278 +148 +394 +246 +84 +345 +349 +168 +339 +292 +375 +98 +167 +169 +325 +344  +3 +399 +206 +393 +182 +190 +335 +214 +394 +174 +355 +371 +298 +395 +35 +395 +319 +134  +3 +48 +54 +216 +111 +301 +18 +53 +150 +105 +166 +139 +234 +367 +163 +318 +54 +236 +331 +175 +86 +190 +39 +381 +216 +306 +363 +63 +91 +363 +128 +165 +231 +90 +180 +232 +159 +177 +131 +97 +66 +234 +155 +194 +298 +207 +304 +261 +275 +329 +207 +17 +228 +266 +197 +101 +372 +109 +39 +155 +316 +114 +123 +48 +187 +17
+301 +348 +299 +306 +219 +281 +228 +98 +160 +359 +86 +136 +204 +335 +267 +139 +346 +374 +166 +356 +365 +93 +345 +336 +67 +51 +332 +267 +234 +67 +228 +388 +224 +221 +241 +272 +141 +324 +103  +8 +223 +135 +168 +185 +125 +328 +361 +357 +310 +49 +297 +211 +187 +391 +57 +145 +380 +108 +138 +198 +32 +268 +292 +266 +358 +362 +170 +11 +238 +215 +15 +117 +322 +179 +51 +13 +198 +108 +98 +17 +380 +114 +67 +213 +314 +16 +210 +398 +331 +332 +112 +339 +299 +191 +138 +324 +307 +85 +109 +108
+378 +125 +352 +22 +26 +307 +72 +319 +278 +211 +391 +394 +224 +394 +31 +160 +398 +362 +173 +252 +11 +159 +11 +76 +295 +185 +63 +322 +169 +364 +56 +397 +351 +275 +173 +39 +307 +169 +249 +135 +110 +383 +348 +354 +355 +265 +352 +341 +68 +342 +32 +375 +67 +20 +389 +53 +307 +394 +188 +216 +103 +94 +322 +337 +158 +164 +317 +367 +18 +21 +307 +387 +373 +249 +175 +199 +59 +309 +252 +216 +137 +327 +100 +389 +154 +304 +160 +75 +229 +229 +221 +337 +76 +116 +357 +224 +232 +266 +351 +338
+33 +253 +80 +218 +357 +233 +55 +329 +298 +353 +102 +339 +243 +343 +242 +322 +94 +179 +172 +311 +52 +222 +301 +42 +348 +91 +230 +270 +398 +101 +56 +64 +197 +284 +392 +363 +46 +221 +203 +368 +26 +130 +215 +385 +262 +120 +82  +0 +124 +292 +31 +31 +274 +236 +164 +269 +10 +114 +216 +18 +300 +182  +4 +317 +362 +190 +347 +327 +106 +126 +336 +131 +192 +198 +237 +107 +64 +254 +310 +325 +282 +180 +261 +62 +38 +83 +105 +380 +63 +326 +260 +322 +229 +114 +311 +222 +246 +53 +345 +300
+70 +321 +249 +172 +49 +203 +27 +40 +10 +180 +154 +134  +9 +128 +321 +242 +302 +159 +232 +89 +15 +149 +151 +325 +287 +326 +11 +345 +192 +203 +178 +37 +398 +348 +265 +114 +353 +364 +113 +162 +384 +308 +169 +19 +127 +89 +91 +256 +385 +25 +112 +313 +46 +391 +361 +247 +189 +338 +151 +73 +371 +273 +180 +184 +90 +113 +55 +50 +229 +332 +171 +74 +327 +58 +216 +19 +107 +227 +45 +145 +168 +47 +83 +328 +174 +332 +341 +184 +123 +302 +340 +46 +215 +155 +60 +203 +25 +147 +329 +216
 +8 +391 +191 +294  +2 +240 +303 +48 +69 +75 +380 +50 +362 +188 +230 +79 +27 +240 +191 +235 +20 +210 +21 +201 +92 +50 +214 +304 +116 +89 +188 +40 +304 +242 +245 +271 +329 +144 +208 +166 +260 +236 +112 +108 +134 +159 +225 +56 +240  +9 +126 +65 +71 +357  +0 +58 +231 +352 +241 +183 +115 +160 +381 +220 +156 +135 +11 +353 +373 +287 +241 +92 +186 +238 +352 +154 +118 +205 +324 +327 +108 +276 +383 +45 +82 +248 +307 +227 +125 +98 +380 +205 +364 +143 +108 +226 +89 +396 +131 +207
+116 +135 +80 +57 +38 +145 +369 +227 +283 +266 +13 +42 +149 +210 +374 +63 +102 +165 +302 +144 +91 +332 +112 +46 +256 +386 +74 +386 +189 +26 +300 +364 +274 +55 +262 +209 +291 +226 +326 +62 +298 +387 +227 +385 +395 +290 +136 +36 +287  +3 +37 +256 +169 +219 +38 +172 +387 +146 +96 +276 +253 +171 +398 +357 +99 +349 +314 +26 +390 +269 +395 +122 +308 +43 +69 +361 +116 +394 +209 +362 +144 +31 +328 +326 +154 +294 +231 +359 +293 +353 +365 +264 +160 +26 +278 +299 +235 +75 +192 +357
+368 +211 +323 +80 +348 +355 +82 +56 +354 +52 +248 +254 +237 +57 +171 +300 +272 +165 +262 +229 +312 +95 +49 +114 +227 +191 +396 +295 +202 +249 +187 +171 +156 +43 +103 +153 +324 +94 +209 +95 +334 +167 +146 +355 +247 +355 +190 +47 +259 +295 +136 +225 +290 +120 +274 +329 +360 +12 +323 +249 +102 +126 +243 +298 +264 +95 +327 +265 +328 +95 +70 +350 +171 +371 +339  +0 +311 +235 +63 +324 +196 +207 +35 +170 +96 +81 +142 +181 +54 +11 +19 +120 +245 +56 +200 +178 +248 +270 +196 +187
+92 +186 +18 +307 +251 +191 +179 +397 +55 +132 +195 +329 +218 +366 +15 +152 +132 +258 +106 +359 +272 +119  +0 +396 +93 +272 +394 +118 +374 +241  +1 +245 +208 +352 +133 +82 +83 +396 +65 +124 +156 +301 +345 +256 +113 +65 +46 +159 +301 +304 +241 +129 +11 +23 +72 +137 +267 +74 +128 +394 +386 +205 +249 +127 +126 +299 +305 +395 +115 +20 +374 +378 +333 +398 +386 +32 +57 +33 +109 +205 +26 +375 +99 +367 +99 +140 +309 +246 +367 +238 +220 +261 +354 +289 +30 +370 +20 +21 +262  +4
+362 +292 +239 +106 +194 +383 +345 +94 +266 +47 +55 +237 +266 +265 +350  +1 +262 +328 +222 +239 +89 +54 +180 +125 +368 +207 +163 +259 +198 +155 +218 +131 +141  +5 +166 +329 +394 +38 +303 +149 +370 +41 +241 +346 +101 +304 +148 +171 +219 +206 +396 +259 +323 +181 +391 +21 +259 +95 +267 +234 +377 +387  +8 +308 +372 +160 +93 +345 +379 +259 +255 +22 +54 +147 +40 +370 +189 +39 +103 +267 +67 +374 +370 +352 +258 +374 +204 +322 +137 +321 +222 +142 +311 +39 +237 +280 +241 +319 +161 +11
+99 +239 +39 +353 +398 +229 +379 +15 +256 +273 +364 +287 +249 +389 +48 +316  +0 +248 +261 +21 +336 +48 +71 +97 +125 +145 +323 +175 +60 +269 +41 +370 +343 +103 +164 +264 +343 +67  +9 +202 +156 +328  +8 +345 +242 +127 +252 +110 +332 +108 +315 +384 +50 +391 +138 +110 +77 +83 +392 +332 +241 +358 +211 +372 +162 +175 +112 +159 +292 +316 +263 +85 +356 +23 +395 +133 +365 +360 +222 +267 +235 +99 +153 +385 +124 +228 +185 +198 +280 +154 +136 +130 +245 +229 +214 +303 +127 +148 +379 +96
+375 +99 +257 +50  +5 +198 +287 +174  +6 +388 +274 +280 +339 +377 +257 +118 +72 +153 +131 +20 +337 +207 +276 +388 +46 +288 +187 +34 +76  +3 +203 +342 +60 +40 +299 +286 +234 +309 +106 +95 +365  +8 +316 +382 +306 +262 +387 +24 +340 +218 +255 +62 +385 +342 +267 +349 +110 +72 +284 +292 +147 +326 +223 +287 +279 +268 +66 +118 +228 +126 +211 +119 +298 +23 +264 +23 +30 +191 +242 +101 +237 +103 +28 +59 +356 +60 +268 +199 +103 +62 +337 +291 +30 +161 +225 +59 +42 +316 +248 +44
+398 +343 +385 +373 +248 +214 +32 +399 +356 +70 +57 +97 +25 +392 +382 +101 +99 +163 +362  +8 +219 +29 +312 +173 +48 +47 +220 +233 +30 +158 +93 +307 +198 +330 +360 +387 +189 +74 +393 +243 +105 +179 +88 +344 +83 +375 +219 +226 +129 +379 +366 +305 +281 +333 +342 +323 +86 +300 +315 +63 +258 +67 +140 +298 +109 +88 +289 +275 +138 +243 +151 +19 +246 +19 +103 +321 +309 +179 +188 +185 +390 +213 +301 +43 +272 +138 +245 +86 +303 +88 +93 +135 +89 +235 +154 +156 +237 +325 +176 +242
+305 +37 +327 +312 +275 +390 +129  +5 +104 +95 +249 +209 +176 +342 +60 +240 +237 +397 +112 +309 +322 +28 +269 +297 +218 +284 +206 +57 +219 +250 +236 +69 +113 +253 +296 +357 +218 +295  +9 +153 +90 +227 +109 +233 +349 +337 +152 +198 +45  +4 +292 +64 +251 +195 +102 +207 +322 +86 +63 +14 +152 +36 +373 +85 +35 +308 +248 +231 +150 +37 +280 +290 +98 +109 +228 +219 +306 +393 +194 +89 +75 +277  +1 +117 +151 +129 +110 +342 +163 +125 +320 +352 +143 +25 +360 +243 +317 +161 +181 +167
 +8 +58 +397 +51 +21 +216 +320 +383 +394 +131 +97 +200 +382 +381 +300 +16 +202 +201 +131 +231 +391 +381 +360 +177 +95 +242 +66 +197 +129 +395 +120 +265 +372 +397 +142 +343 +373 +273 +19 +49 +244 +261 +24 +151 +86 +240 +116 +122 +220 +91 +73 +360 +360 +314 +33 +166 +351 +73 +347 +165 +91 +297 +327  +2 +147 +106 +27 +27 +140 +123 +325 +315 +260 +227 +205 +47 +303 +388 +327 +104 +296 +150 +307 +365 +347 +109 +321 +364  +0 +147 +292 +361 +122 +233 +290 +118 +314 +343 +89 +363
+318 +225 +170 +13 +394 +239 +280 +282 +349 +232 +124 +138 +13 +272 +382 +15 +113 +239 +159 +42 +381 +184 +364 +380 +92 +127 +92 +18 +104 +111 +65 +122 +223 +125  +2 +380 +82 +328 +59 +175 +69 +154 +242 +60 +62 +338 +395 +131 +122 +313 +129 +304 +260 +116 +153 +30 +129 +130 +98 +322 +312 +333 +187 +234 +224 +162 +372 +156 +394 +276 +209 +73 +65 +177 +183 +143 +382 +19 +386 +90 +204 +211 +77 +38 +272 +251 +384 +302 +15 +45 +244 +223  +1 +19 +357 +268 +121 +343 +133 +255
+246 +235 +377 +127 +66 +133 +300 +270 +145 +105 +134 +168 +149 +300 +25 +305 +165 +359 +396 +28 +202 +225 +337 +377 +99 +77 +242 +167 +359 +197 +40 +141 +362 +125 +179 +30 +387 +96 +321 +240 +297 +181 +221 +78 +283 +154  +6 +72 +103 +102 +292 +254 +325 +24 +123 +207 +248 +278 +39 +138 +256 +224 +365 +354 +43 +84 +275 +232 +218 +291 +85 +284 +126 +379 +297 +64 +230 +246 +304 +125 +254 +53 +62 +265 +46 +204 +380 +366 +73 +12 +204 +374 +61 +347 +331 +304 +184 +254 +219 +119
+141 +107 +352 +254 +310 +359 +340 +261 +259 +340 +383 +332 +191 +80 +126 +375 +261 +339 +203 +288 +239 +25 +12 +229 +196 +20 +155 +146 +278 +183 +57 +310 +189 +130 +306 +396 +127 +137 +60 +119 +104 +150 +275 +147 +289 +268 +356 +65 +157 +200 +102 +91 +358 +218  +9 +107 +72 +31 +67 +50 +262 +353 +199 +61 +135 +282 +17 +142 +125 +104 +258 +228 +67 +229 +366 +80 +153 +261 +195 +285 +60 +36 +40 +223 +347 +234 +262 +133 +304 +302 +72 +58 +210 +78 +66 +148 +82 +287 +348 +87
+280 +327 +220 +132 +240 +281 +162 +164  +3 +282 +348 +356 +301 +397 +316 +290 +266 +317 +309 +333 +218 +145 +265 +72 +312 +283 +65 +52 +377 +353 +58 +151 +120 +330 +270 +276 +135 +82 +54 +301 +74 +84 +307 +157 +369 +292 +249 +170 +47 +305 +297 +338 +391 +275 +103 +200 +362 +344 +174 +237 +346 +39 +266 +61 +278 +147 +332 +26 +127 +103 +82 +320 +18 +255 +340 +94 +102 +393 +325 +165 +308 +77 +333 +259 +144 +171 +361 +171 +228 +146 +62 +44 +139 +157 +278 +225  +8 +202 +280 +129
+300 +113 +208 +134 +285 +128 +371 +322 +365 +150 +87 +139 +283 +145 +153 +392 +312 +210 +273 +18 +303 +101 +205 +311 +57 +58 +260 +368 +272 +129 +36 +229 +63 +140 +108 +339 +107 +343  +3 +342 +203 +62 +265 +244 +136 +140 +229 +257 +285 +384 +340  +1 +295 +219 +170  +8 +207 +395 +289 +342 +267 +367 +221 +79 +170 +157 +106 +225 +377 +384 +39 +237 +115 +363 +241 +202  +6 +172 +372 +36 +256 +264 +212 +290 +239 +396 +70 +233 +216 +344 +135 +117 +284 +302 +355 +363 +257 +318 +179 +102
