1113110 1066898 1013744 1128434 826455 997883 1055367 1020405 812334 980466 1018567 1040023 893585 937973 1097805 811630 1035540 747014 866738 825905 1034404 811423 1100768 880338 884171 819339
1133445 1023795 1003561 970376 839554 1112310 957908 757871 985759 1196410 929558 949024 769884 1060882 976962 1144408 928275 793697 799728 772081 1020558 862273 968905 1020043 852852 1052603
962720 905216 793743 880026 745872 937500 890994 684913 795811 874360 804512 676025 811180 840153 707537 787243 679484 641347 839769 738153 900294 732045 799382 833565 803545 903537
1171893 1157886 1156868 1223442 971913 1068390 1010561 983164 898579 1101136 1087916 1135398 1049598 1043289 1169182 1183739 1033945 758301 882421 933444 1039686 992585 1160997 880443 989830 1011359
1158241 1074621 1119935 1128712 829777 994576 1110799 947014 971101 990430 1002555 1080282 990917 955091 1120032 1007080 995487 841762 968980 816955 1068821 812127 1063092 993616 882390 956665
956153 926471 937765 852112 683477 937915 812322 752750 875071 972931 884797 933377 780674 803154 1029468 947610 943775 723043 773871 626047 857202 722846 877774 815060 729363 984913
1138891 993445 1003703 1038799 740894 1120512 1062179 850975 1073165 1029511 827448 926943 883275 962605 1084496 1150960 921015 839869 866471 873482 997527 807228 1013129 1076604 899787 1023030
1438298 1140559 1253338 1130868 998186 1281253 1121501 961711 1232823 1345697 1173874 1219928 965016 1172816 1184229 1338439 1092972 990829 1042401 1007022 1201286 1060262 1277819 1215370 1034313 1211140
1216547 1119608 994835 1096288 942048 1059261 1092589 905916 955394 1084106 1201309 1044669 1033520 996067 1228584 1044278 1123136 936131 925730 802701 1097182 956549 957321 894697 967345 955064
890242 942098 878360 928511 781766 896339 828146 690538 723830 972437 885693 842383 641825 932413 788454 762143 803813 637257 647663 731574 843975 686275 890744 754996 770552 690348
1190561 1125119 1056153 1105861 954644 1217352 1095712 946062 997354 1155882 1078648 1035276 984147 1147416 1244135 1066990 1081142 1034135 848193 925916 996274 1044776 1165508 872519 1015340 1108692
1258721 1275638 1086663 1311763 962572 1256801 1126597 982234 1050850 1270243 1191120 1155075 1135114 1168910 1259903 1165945 1184467 974179 1106082 885900 1171079 989320 1109976 1041236 1052614 1162326
1174890 1137464 1106653 1248632 835663 1193247 1222688 982646 1096087 1094719 1083590 1171483 994623 1000711 1202128 1228800 1171442 952002 1028876 970048 1066631 870366 1186915 1073042 1017964 1134771
1127716 1032099 1068904 1058785 919096 1074567 1025703 805821 884431 1168967 1106831 972680 882050 955004 1131553 1071432 984592 846732 860036 861172 1017258 951688 969031 800435 914027 903724
1053041 885068 783463 776898 738339 889227 908080 713229 803470 854668 793086 847851 831580 815809 899408 942545 878398 679384 886241 725067 866101 769209 856849 859409 765678 800082
1240555 1130572 1276658 1244437 888085 1252911 1185948 974381 1154003 1262641 1161401 1230122 947231 1149902 1299940 1334279 1162867 991275 936923 1019285 1100666 982450 1346880 1170988 1154195 1156967
1391231 1278827 1264922 1372102 1069020 1091704 1275611 1020271 1059086 1262737 1352600 1238964 1297352 1036681 1283292 1434623 1296804 876894 1148156 997402 1273848 1041996 1273045 1117987 1138794 1258024
1165388 960954 842571 1010321 801908 1019773 948482 691779 952934 1018422 1050875 862241 811656 932734 973385 909069 890189 812198 878815 773017 1069311 710437 946967 794330 886055 894322
1181422 1085432 1052047 1164342 927314 1197685 992707 773907 1051828 1194745 1203132 1051949 894673 1159809 1254336 1041645 992653 999447 864456 935448 1077688 920027 1127198 843415 1052263 1034946
1097061 1199367 1027636 1168464 887379 1162527 1092148 973586 949167 1073671 1069191 929072 1021490 1054672 999777 1148793 1045009 690106 963955 948609 1011917 864548 1046839 1006811 1111305 1054537
1128785 930699 1048511 938401 925642 972008 907011 788962 827239 1080936 1003503 918344 861700 973568 961609 1017882 868469 801688 778786 828437 1045253 866713 960232 882772 888744 991687
1303921 1218574 1321146 1101973 1035616 1287119 1313916 1017305 1135787 1350280 1212763 1141726 1046536 1225150 1325838 1329012 1124255 989381 1068690 1093798 1125262 1161650 1238987 1106794 1024676 1248383
1105063 1151213 982746 1031267 889777 976408 1041807 921495 897630 967572 992043 806440 1029684 808266 922632 1023280 1048754 618057 949599 817068 960532 866663 858714 884789 948030 970104
1304298 1255421 1235365 1304466 1089718 1246725 1174918 991692 1097130 1277011 1279200 1160343 1210033 1092920 1350074 1298827 1202107 876936 1132499 1092276 1186835 981046 1199272 890607 1157551 1144903
1278694 1144591 1183705 1292676 841646 1172446 1314461 920138 1078964 1294261 1193536 1178717 931464 1109364 1280095 1249353 1195165 941548 984419 986424 1102422 1043052 1429708 1093016 1034336 1104004
1488092 1364090 1235660 1419815 1112945 1330443 1387575 1083585 1115429 1369839 1269224 1285578 1216118 1205249 1404618 1551259 1443591 953801 1137431 1096070 1323810 1122497 1449305 1189584 1282100 1279818
