1313638 1684623 1597204 1542417 1899116 1698977 1605377 1567040 1513715 1445861 1553390 1463634 1490383 1898830 1589453 1807709 1399689 1726090 1596648 1797592 1253617 1926655 1460319 1638686 1819469 1480722 1818419 1575785 1345867 1735927 1421374 1751655 1649698 1913021 1648377
1186315 1514276 1408996 1489874 1787577 1596912 1642827 1424423 1418277 1500518 1482981 1515368 1539469 1841865 1463240 1678459 1416432 1754950 1602270 1663480 1223131 1880713 1528714 1484474 1617405 1441967 1784977 1697177 1366165 1491145 1356805 1730135 1671717 2017438 1728957
1417413 1722265 1714535 1735896 1966079 1871781 1768604 1713397 1661861 1568495 1660574 1488297 1564670 1987301 1660498 1925618 1624648 1843484 1758945 2032144 1303370 1933027 1523458 1765345 2079708 1519672 2110433 1567650 1523186 1930634 1503468 1860316 1774449 2063024 1859696
1200944 1636297 1428302 1624663 1632002 1642728 1648654 1495302 1454493 1430996 1555631 1409467 1409087 1799496 1587617 1531892 1424756 1740487 1702587 1765576 1176457 1840395 1458075 1432009 1714724 1455463 1720006 1460449 1170438 1810962 1402109 1671520 1554666 1749472 1622845
1379547 1744604 1555408 1615738 1842181 1662980 1743546 1729719 1500645 1567588 1558594 1636759 1512909 1961309 1662951 1720395 1536493 1858532 1741520 1826756 1360088 1924480 1652537 1415298 1786319 1467298 1942655 1459421 1362955 1706710 1390126 1735477 1805502 1988054 1669753
1268819 1594396 1446389 1636462 1731073 1827516 1760892 1566240 1635993 1429070 1484899 1458918 1451988 1924013 1643955 1588959 1607340 1836457 1721544 1840030 1261056 1845110 1489173 1586105 1879208 1528005 2064832 1647694 1365969 1791875 1423586 1760910 1761048 1871714 1585892
1357379 1625773 1374854 1499039 1835472 1579542 1527206 1553357 1510438 1391788 1565308 1455701 1457025 1791006 1589003 1787457 1552245 1577145 1619011 1792351 1363468 1893985 1640498 1426460 1929440 1352111 1823000 1387136 1302693 1732040 1597940 1578424 1704716 1826440 1617582
1309278 1602136 1468928 1547085 1683281 1504801 1630786 1459637 1345053 1366990 1442672 1375118 1421887 1767205 1556929 1636046 1500013 1539288 1581082 1691275 1376560 1885481 1373464 1255131 1796083 1337700 1771262 1348953 1226195 1682013 1344859 1524995 1672831 1792860 1489961
1284968 1494237 1299486 1448774 1645883 1553860 1460124 1305359 1180827 1252671 1449122 1265243 1194244 1677208 1452031 1421017 1369711 1590064 1573395 1717678 1201662 1683473 1252944 1325886 1695126 1419730 1773719 1425662 1225750 1655613 1273509 1402759 1784028 1711704 1314645
1002101 1102518 1052793 1160746 1488287 1339522 1274724 1236424 1284457 1131521 1284527 1229414 1231705 1592237 1135105 1323614 1301442 1198752 1289696 1510683 1062441 1589809 1208207 1145149 1526903 1134825 1467194 1207002 1042841 1297277 1095587 1285729 1370847 1340896 1258980
1001321 1212655 1083131 1313626 1453481 1261344 1325505 1095274 1057805 1075715 1326354 1017820 1262584 1517318 1203559 1396043 1155190 1378922 1403785 1432516 887466 1408258 1167443 1267175 1505491 1214862 1336294 1184755 962191 1460207 1104151 1361333 1231567 1512397 1215448
1191332 1490382 1433831 1612149 1819515 1552562 1548248 1562662 1322568 1487611 1538400 1471548 1468386 1796050 1525055 1594338 1533184 1621909 1535929 1667019 1302074 1700051 1528790 1347718 1718870 1321746 1818852 1451669 1245100 1539217 1241049 1610130 1571979 1809692 1663712
1063554 1469145 1250850 1388475 1370605 1304125 1280468 1172531 1195034 1164801 1245407 1254195 1163714 1418906 1354448 1391806 1193832 1603724 1443697 1519075 994262 1446199 1251193 1255983 1476406 1180460 1588882 1253049 1129205 1424239 1128101 1377895 1432224 1533122 1423778
1018999 1290560 1213909 1489259 1488468 1432896 1441896 1317279 1370366 1149497 1306059 1118258 1276213 1589711 1319389 1402080 1203296 1419090 1310796 1396480 999953 1448638 1215766 1330882 1407266 1178069 1470754 1261907 880079 1450266 1195910 1449465 1243279 1530398 1387241
1013155 1181578 1271685 1259314 1423830 1428649 1337603 1271329 1384935 1218973 1237484 1419508 1379273 1676096 1172388 1421829 1338228 1389912 1420877 1574549 1010871 1510913 1220154 1478712 1499731 1297067 1587870 1402205 1328372 1417146 1093896 1532390 1327910 1554449 1480471
1261134 1392634 1392338 1369417 1556638 1394601 1395208 1347744 1171345 1198055 1302337 1328765 1278269 1640151 1351590 1340732 1445077 1558221 1588917 1547785 1250635 1521205 1235535 1412167 1516068 1287956 1615716 1323558 1295569 1503836 1225723 1293367 1482272 1681111 1525739
1105160 1334745 1258635 1397903 1557401 1582002 1439446 1260405 1198000 1447910 1469409 1301493 1242279 1690226 1301432 1501894 1328414 1388100 1406185 1626142 1070595 1624211 1168191 1356966 1721466 1335010 1746961 1389150 1062128 1683214 1202124 1344332 1506923 1540157 1268394
1254889 1551707 1381358 1429958 1591557 1601006 1496084 1447367 1601060 1191004 1388136 1409322 1412813 1771116 1381325 1386105 1551235 1532859 1499721 1699124 1242005 1677235 1366957 1414446 1651675 1401290 1881781 1508602 1369078 1642298 1247105 1628262 1596213 1722395 1536345
1255070 1416288 1178622 1459412 1635181 1567415 1442314 1369468 1276190 1230906 1470224 1330773 1344759 1676119 1389426 1451078 1155145 1614865 1542128 1525717 1272571 1568883 1442635 1305977 1534401 1309719 1563835 1378048 1128974 1467944 1246961 1486551 1541522 1748880 1491561
1212440 1550726 1303746 1311002 1581919 1539229 1355133 1393327 1407396 1249433 1396354 1437488 1326367 1859682 1410338 1523171 1318591 1496886 1632288 1523983 1110600 1625385 1532660 1399858 1618347 1418019 1711928 1403097 1263666 1707806 1328983 1562244 1428454 1723358 1329205
1094245 1306714 1231314 1282978 1461090 1422397 1277022 1312805 1196106 1095823 1243198 1190216 1123864 1621738 1359431 1336139 1222723 1441772 1355658 1446642 1163992 1456664 1189439 1288113 1514763 1209319 1571452 1300967 1233442 1341992 1210997 1421142 1439544 1527477 1304336
1055605 1361818 1414476 1360124 1490271 1403192 1415562 1359232 1332145 1255357 1134478 1284851 1417166 1713076 1291519 1451627 1432039 1512323 1444406 1604847 1048771 1575997 1334432 1305376 1443720 1249677 1686824 1282734 1099192 1450361 1082719 1502532 1278026 1644106 1415073
1174805 1481061 1363600 1430274 1730683 1670563 1445385 1407641 1479195 1330720 1418178 1349886 1347765 1808750 1532320 1590274 1511361 1643705 1590608 1821504 1118092 1841408 1335333 1571280 1764210 1385980 1854659 1617131 1301725 1781056 1384311 1560000 1593384 1654631 1539845
1124461 1248807 1215234 1280003 1663622 1504239 1471666 1348765 1251587 1244266 1296426 1276064 1397801 1624783 1366696 1319771 1348679 1499359 1412656 1485355 1203864 1492819 1244800 1288294 1416011 1290794 1634066 1457978 1117778 1388044 1073059 1506013 1488881 1677788 1393555
1151963 1564486 1414061 1416489 1577637 1454076 1564095 1516355 1343441 1464021 1373810 1452776 1497143 1790354 1483037 1506759 1418237 1525088 1594563 1546820 1187321 1725516 1534704 1289797 1540917 1351568 1623799 1316983 1218127 1503252 1318017 1555512 1450308 1737716 1540254
1087261 1429750 1144523 1446979 1419825 1280559 1446784 1289721 1320488 1366150 1334193 1400080 1414171 1642046 1349575 1578647 1341133 1460301 1541453 1586161 1082158 1685673 1398401 1265460 1632419 1288446 1696913 1269879 1192083 1422835 1203305 1583900 1457182 1644159 1362938
938337 1098680 922535 1109747 1224579 1129448 1138914 1010384 999618 966072 1084895 1085338 1019751 1275481 1046878 1184746 1025782 1236627 1234160 1209330 961123 1404309 1015472 1020937 1260942 897965 1178525 1040681 812614 1267435 1124614 1009096 1165256 1179404 1069284
961654 1159019 1126816 1095073 1477248 1323355 1088932 1148493 978053 1161114 1277255 1246334 1193199 1344463 1113716 1268742 1189565 1343899 1290904 1503066 998703 1362978 1208664 1072822 1385340 1074685 1349448 1194372 1024033 1342445 1040407 1125238 1315524 1411927 1357679
1188880 1456751 1442256 1564413 1713066 1441591 1613283 1447170 1399599 1390219 1479754 1333513 1377578 1750553 1460417 1605161 1451314 1705542 1604657 1700275 1108405 1670999 1334655 1561482 1648940 1507530 1753264 1418151 1168715 1656603 1323764 1534015 1521798 1794777 1685143
1134216 1326783 1274749 1358509 1629910 1506878 1516396 1269423 1232140 1272656 1398070 1323308 1304868 1734350 1404018 1301385 1456296 1519275 1613859 1688882 1105796 1774044 1234040 1326494 1628098 1275783 1601456 1433450 1252113 1525847 1185316 1439824 1682283 1632445 1370718
1136195 1292674 1223879 1154917 1545820 1450589 1207060 1286208 1148454 1244905 1327315 1280443 1152660 1512518 1270807 1435214 1159519 1307349 1222332 1398759 1132177 1405706 1313010 1078106 1531150 1085383 1536535 1132989 1098779 1381129 1105301 1286652 1371766 1434018 1342587
1122328 1468307 1374384 1125477 1547107 1333645 1221156 1332729 1166395 1090470 1219174 1284133 964943 1422927 1374458 1324807 1142617 1389383 1376158 1341699 982767 1400550 1196959 1174695 1334281 1172057 1483037 1204593 1161616 1438703 1116803 1335646 1522407 1608706 1279217
1026140 1241487 1191125 1121951 1621312 1239983 1342093 1374019 1240942 1282122 1202641 1327430 1340262 1468890 1349916 1479981 1452445 1285317 1403685 1463044 1090833 1564458 1376791 1040448 1509807 1085756 1593766 1171522 1124605 1327555 1181595 1350660 1464009 1538417 1307081
1105804 1331236 1295623 1231330 1562617 1351041 1368170 1385156 1221866 1277014 1258875 1260833 1273038 1632984 1324658 1412786 1339735 1405372 1497769 1514348 1016405 1518984 1306629 1243677 1508623 1293484 1625605 1169140 1119135 1429827 1032578 1459772 1419431 1613537 1250232
1078098 1188146 1100712 1207566 1335416 1279516 1368466 1157886 1215524 1042975 1154006 926266 1006008 1365041 1194640 1343235 1154194 1374192 1273396 1429675 939707 1457963 1054343 1218443 1471139 1159571 1444730 1075646 939354 1448283 1144942 1255023 1358980 1375949 1241983
