1616929 2100514 1478450 1721806 1954181 1729106 2055765 2047347 1671460 1818873 1934489 1987071 1665502 1938287 1985130 1695215 1890305 1696759 1975445 1651504 1881386 1771971 1938773 1990719 1481817 1783172 1704331 1609475 2000961 2167440 1936902 1818298 1653493 1793543 2141424 1662348 1996565 2057565 2182117 2062486
1367233 1738542 1523865 1431806 1841332 1721249 1860380 1641296 1454750 1550306 1660656 1777729 1586778 1853214 1564236 1569445 1715679 1410070 1681290 1353386 1583459 1415426 1658290 1931393 1467786 1625876 1618670 1308886 1749239 1865849 1554466 1467947 1462188 1678726 1804377 1419143 1755188 1745139 1827990 1869553
1433469 1658663 1412318 1569829 1744491 1467859 1616184 1642736 1372560 1530723 1561205 1572907 1598232 1610078 1658439 1486525 1568337 1341184 1709428 1317903 1557315 1413535 1244760 1609489 1512710 1626124 1310497 1453346 1629802 1412559 1533951 1541947 1404747 1378718 1560076 1434089 1702283 1597655 1691534 1673568
1646600 2113292 1689840 1812173 2142570 1839572 2156538 2073647 1560990 1719347 1855862 2010542 1924994 2033498 1932371 1895868 2050179 1678377 1952477 1625959 1815962 1776387 1807982 1951714 1661611 1863571 1613049 1657422 1971702 1969932 1975226 1830073 1786355 1896960 2270148 1749542 2186000 2202806 2131933 2234012
1349987 1709000 1345573 1452872 1663005 1220892 1515162 1738459 1594389 1386504 1555338 1679849 1436657 1620774 1625185 1546196 1672365 1314073 1667990 1516112 1578560 1415243 1313210 1620944 1331049 1733323 1322304 1360026 1759546 1608235 1452411 1445042 1537898 1451346 1716070 1454937 1498572 1660895 1776281 1759045
1351957 1462711 1389009 1161605 1563450 1297776 1491347 1399801 1176682 1354263 1397650 1356714 1365366 1541722 1379782 1287213 1434410 1246498 1408050 1254494 1412652 1102809 1245045 1522506 1222572 1372392 1251367 1198312 1404058 1423459 1380745 1433599 1147531 1452364 1440095 1212869 1424443 1399468 1506100 1514560
1622416 1861715 1523968 1624576 1991677 1607788 1865109 1882845 1441943 1607379 1800640 1733658 1532738 1889237 1781389 1772819 1936243 1556947 1998214 1489201 1844944 1515647 1659612 1806049 1510437 1758608 1504473 1448559 1758089 1930652 1829866 1619157 1501222 1649627 1961085 1667599 1775794 1783643 1805002 1784380
1650410 1900555 1610266 1672818 1964969 1622684 1994760 1888953 1520947 1525814 1824343 1977756 1764696 1896092 1794689 1815442 1897806 1618521 1992462 1600724 1904443 1667181 1640792 1980257 1535782 1758419 1652073 1521807 1895822 1864835 1734869 1726636 1623660 1674680 1940831 1626446 1910063 1842797 1807954 1999703
1317597 1608391 1351180 1354298 1656019 1392301 1577253 1493688 1290503 1412665 1479520 1499447 1445305 1591402 1480689 1406222 1450884 1232660 1502533 1181830 1374136 1178510 1319230 1583083 1293005 1578186 1249276 1338587 1461447 1487473 1560710 1355660 1417530 1321377 1693248 1237410 1556182 1677337 1690493 1714852
1259352 1658901 1253439 1287916 1533353 1333951 1696806 1368766 1258208 1361029 1485086 1584502 1318248 1465213 1427264 1357236 1620137 1237852 1471443 1166203 1485738 1368808 1374470 1631496 1270657 1471954 1252660 1277957 1519274 1525753 1476661 1471907 1272010 1261763 1566112 1347171 1574875 1559316 1441213 1726338
1870958 2067789 1756659 1792513 2061953 1754839 2059120 1856869 1527169 1568039 1770391 1951246 1860369 2060129 1791814 1858151 1970257 1520595 1971678 1597232 1851544 1536407 1725165 1877537 1627656 1895337 1619269 1554329 2021239 1868771 1890299 1852406 1690783 1768905 1922691 1672986 2020985 1946498 1877874 1977464
1165955 1310221 1121693 1191786 1452482 1108485 1390808 1356065 1071209 1150389 1124414 1270966 1274886 1433902 1229932 1129572 1242458 1173955 1359833 1046409 1071653 1092653 1216594 1326278 1181658 1387259 1136377 1166052 1229155 1315195 1340520 1177871 1128006 1123074 1305383 1063066 1298110 1313622 1350281 1451567
1402285 1602367 1249231 1463203 1524053 1205671 1496754 1344955 1359663 1361460 1402674 1444687 1442286 1618006 1404470 1383873 1557259 1196380 1313172 1156686 1454232 1222254 1203407 1681668 1261319 1399352 1363448 1231531 1453684 1429716 1489740 1224329 1221892 1356003 1585066 1197720 1587915 1369076 1613842 1634243
1467724 1576710 1201279 1383398 1539428 1315264 1685133 1431739 1195104 1454617 1342355 1615098 1464947 1610364 1513524 1439401 1592477 1301913 1422656 1312412 1563706 1344021 1415927 1643134 1113036 1362606 1360164 1165087 1487402 1639464 1529393 1513203 1358895 1366054 1654416 1264574 1691368 1508160 1487372 1619210
1527874 1719203 1414607 1498955 1909693 1476406 1679330 1770121 1389135 1457820 1668902 1745039 1432121 1759956 1792944 1690385 1743010 1452404 1734698 1503228 1738751 1447208 1559667 1737291 1316449 1524119 1385401 1355000 1715774 1761675 1692927 1543859 1338702 1482515 1834000 1560776 1734176 1752213 1845547 1932248
1248343 1492480 1195835 1296689 1448113 1170092 1446693 1379224 1311976 1320867 1279879 1502118 1206653 1283507 1362307 1343797 1404603 1258242 1463564 1232800 1560983 1268923 1307359 1668252 1091652 1374897 1291159 1244614 1461421 1304332 1410250 1353836 1286178 1269364 1513462 1227954 1399327 1478628 1490643 1631699
1489890 1876918 1199892 1473683 1737800 1290156 1800409 1719922 1174431 1592516 1444575 1584095 1521931 1655375 1627699 1603460 1785570 1360665 1647860 1266134 1520896 1376678 1481920 1621386 1385967 1516281 1285137 1507302 1637974 1537849 1621922 1524478 1424815 1549064 1869547 1397667 1793114 1571949 1742218 1659797
1272783 1802266 1425538 1441986 1570589 1341790 1541658 1564360 1338732 1480811 1423240 1360915 1501660 1611471 1512158 1235500 1412584 1312639 1418403 1322999 1510139 1171431 1361822 1807801 1122882 1399643 1428459 1451188 1450850 1517177 1587061 1485645 1261284 1506296 1731205 1148824 1725743 1765777 1631067 1710710
1641550 1845003 1509504 1636680 1833810 1459706 1774742 1686434 1458535 1766513 1694563 1794919 1657340 1786357 1682646 1548079 1718809 1570134 1774816 1440770 1775773 1458538 1644034 1930725 1392345 1514596 1449779 1471155 1788865 1681969 1798674 1711369 1322837 1605497 1804559 1450334 1712405 1704812 1778442 1908796
1281012 1559914 1301116 1380074 1558857 1354920 1552145 1381198 1379149 1396841 1539315 1649776 1507792 1619826 1681514 1515891 1556582 1194392 1500144 1188936 1406597 1386043 1225495 1472812 1379677 1462651 1332145 1274958 1591695 1395793 1525901 1452237 1439181 1449652 1511289 1225939 1578487 1608934 1691895 1792169
1376672 1765763 1501654 1405062 1752493 1505303 1573822 1677518 1313329 1442232 1459704 1652294 1353621 1526964 1697622 1473218 1506245 1339994 1554963 1413709 1567708 1380140 1370917 1621203 1260305 1628431 1475444 1391805 1605268 1521422 1650526 1573222 1441892 1391661 1792005 1465200 1660294 1784095 1627238 1796473
1669925 1878953 1426286 1613194 1618144 1397612 1856233 1813851 1508380 1539156 1547096 1723726 1604029 1793491 1676652 1522230 1767836 1456764 1839249 1400681 1706283 1627034 1601574 1817199 1590164 1611084 1503819 1317435 1766557 1826672 1678873 1730823 1550751 1392680 1607277 1550342 1649065 1618683 1660403 1911556
1604493 2022272 1589951 1653346 1970248 1551710 2020001 1974438 1397708 1630314 1637474 2004719 1771192 1919254 1839670 1882782 2006437 1443923 1853375 1481812 1664458 1532622 1710625 1966434 1580945 1774224 1697747 1570503 1775164 1911998 1700302 1604972 1650882 1658004 2032194 1505139 1982312 1688943 1858229 1978338
1508233 1717497 1534109 1512033 1909035 1403187 1613972 1757323 1365950 1449567 1489100 1713026 1601451 1648125 1598726 1522094 1658348 1377591 1613636 1391260 1566786 1460097 1426781 1713412 1596729 1564754 1479666 1260539 1732916 1635466 1705298 1463740 1468782 1543777 1771469 1572806 1717038 1613078 1678963 1822047
1475851 1737321 1412347 1491296 1674836 1419440 1742241 1713659 1479913 1524053 1547435 1409459 1647785 1739663 1643848 1341773 1544647 1365004 1761257 1380767 1545760 1415175 1355809 1668104 1425583 1471150 1392422 1451312 1664429 1643874 1671828 1632507 1471320 1636301 1719280 1379697 1673075 1710215 1728335 1669455
1442362 1737221 1322025 1379144 1509842 1301535 1617146 1550321 1355669 1371034 1420081 1473519 1576047 1486426 1343183 1306958 1507387 1223031 1561788 1201735 1440800 1232403 1396456 1467971 1198741 1529215 1250186 1396108 1554941 1522950 1496588 1445750 1219726 1416905 1636402 1321599 1513171 1544087 1558282 1562307
1743946 2059676 1601768 1772058 1933051 1714364 2114129 1812330 1655882 1728069 1894275 1904362 1824414 2205414 1948144 1754409 2009908 1596906 1910251 1507253 1806705 1686161 1747414 1893289 1664468 1779473 1670570 1578699 1957444 1963347 1951752 1781266 1602627 1748380 1899379 1595924 1993506 1944183 1969034 2093820
1530800 1808999 1428309 1615713 1772543 1491911 1665126 1734850 1393843 1319277 1497504 1671842 1486676 1623270 1716637 1527677 1555091 1463621 1814240 1392532 1631456 1450483 1514125 1575977 1379964 1614133 1419957 1481698 1666388 1534165 1634081 1556969 1458562 1535700 1696530 1599810 1682395 1750773 1661752 1766786
1722503 2081221 1586701 1742711 1913025 1649670 1996582 1909124 1460502 1744744 1680138 1710638 1720720 1936399 1881933 1606322 1837606 1657934 1865715 1509305 1723056 1591687 1693309 1914980 1572961 1786671 1694845 1689612 1767391 1894413 1893171 1721399 1618992 1715684 1964286 1527868 1926361 1841551 1870717 1919242
1652577 2104693 1731475 1878134 2165243 1691389 2031360 2011326 1784678 1803004 2012662 2013903 1862861 2090689 2137066 1883280 1945795 1690153 2046931 1610266 1972633 1727433 1725495 2040259 1573215 1846196 1594828 1832708 1962509 1877084 2068570 1781274 1638274 1715417 2108433 1682555 2029186 2103243 2038403 2240058
1553734 1632985 1411333 1630250 1717043 1296866 1522280 1513670 1162194 1504842 1421552 1780781 1691299 1695217 1523309 1316064 1547478 1311270 1471869 1317078 1558804 1342496 1419037 1622763 1269020 1279431 1345529 1293960 1604932 1468330 1601021 1474588 1236519 1452921 1543771 1285395 1661066 1537231 1545808 1738054
1691801 1937929 1456320 1606690 1842305 1517227 1911739 1695342 1599953 1795712 1682867 1910201 1776841 1937186 1893848 1677916 1890299 1494098 1772156 1512237 1819355 1519380 1647659 1858512 1577411 1739402 1585066 1544056 1748574 1806967 1842276 1909054 1626989 1677230 1800780 1529864 1834438 1763826 1918368 1994483
1675237 1962419 1534505 1573562 1960112 1476052 1727320 1713877 1477713 1610420 1747167 1726645 1590405 1961067 1985038 1701432 1766267 1469381 1786685 1498771 1856157 1421484 1506293 1822372 1476554 1570687 1533704 1528201 1779565 1617949 1799333 1783523 1355163 1636272 1681882 1560601 1904961 1869500 1847053 2012701
1676874 1841312 1529445 1602237 1955555 1522543 1781893 1814878 1542400 1744529 1526335 1744595 1663766 1893067 1796150 1720197 1747809 1598417 1844890 1451038 1847244 1451423 1616416 1851515 1431002 1603910 1538683 1479380 1695713 1799992 1885915 1659807 1448630 1598699 1934513 1557676 1760920 1690648 1665500 1838511
1653336 2045746 1564092 1732099 2032649 1616673 1996613 1690794 1506585 1807396 1699031 1744408 1843338 2061869 1866015 1710354 1927261 1507558 1664856 1388281 1656762 1436674 1675351 1969721 1546486 1749804 1612674 1666897 1666641 1737203 1986565 1620704 1605252 1834985 1998395 1379056 2016308 1951363 1985458 2052065
1486208 1752708 993707 1546978 1549020 1111860 1623766 1525817 1377187 1544859 1359479 1493765 1550035 1627618 1522741 1390279 1552973 1250620 1551842 1070692 1547741 1414902 1379451 1537509 1173460 1288309 1198475 1279019 1478393 1629077 1614180 1320962 1355680 1365360 1555282 1277715 1723962 1423121 1621341 1500188
1393717 1384260 1088877 1286204 1563002 1183474 1478629 1382012 1164793 1450498 1254680 1405433 1362173 1601709 1369237 1382230 1575524 1224139 1514082 1200110 1428445 1253705 1245101 1480701 1202700 1209957 1082073 1096385 1465091 1390919 1266745 1427744 1150943 1413330 1341521 1173460 1461721 1304278 1405126 1436129
1572162 1786593 1460405 1476952 1827842 1371620 1607581 1602816 1534671 1615844 1512197 1554349 1547956 1574649 1676342 1399504 1527872 1261802 1657085 1300272 1623879 1244162 1489080 1809285 1342637 1577895 1449803 1432051 1637940 1651319 1737292 1572782 1292991 1490056 1729643 1427933 1595891 1754918 1787691 1919351
1604114 1985382 1634412 1581870 1764889 1575663 1715543 1683487 1452901 1707028 1624020 1759963 1657854 1754402 1716657 1455052 1625782 1418681 1720973 1371029 1744243 1423191 1533310 1956717 1349502 1413895 1613196 1479437 1736380 1684149 1653211 1783961 1404957 1693481 1695342 1330791 1888443 1737326 1874370 1890323
1406281 1536379 1320139 1357030 1756863 1426046 1629857 1665242 1276580 1388161 1565666 1838568 1414751 1480589 1556496 1678832 1727889 1249581 1719994 1283321 1615490 1441298 1462516 1603605 1322099 1396490 1313370 1207654 1563273 1705087 1543338 1480850 1359100 1398849 1827111 1436539 1652946 1508536 1626372 1682995
