1885099 2264319 1872410 2328010 2284275 2202269 2470288 2301620 2118032 2224131 2310426 2266846 2115542 2300908 2037519 2494090 2324521 2273009 2021112 2331566 2087241 1868760 2240614 2456354 1989494 2341761 2139437 2094392 2407047 2202360 1683438 2208414 2461286 2419818 2282530 2184371 2150628 1884007 2421605 2177521 2132391 2492478 2316637 1950627 2212334 1957308 2231231 2158028 1873607 2191104
1784471 2080348 2137276 2108039 2242708 1973272 2184313 2284528 1997511 1877701 2491991 2084304 1975645 2161838 1958759 2334216 1968885 2249441 1923860 2181611 2064151 1908913 1889748 2539885 1856050 2152040 2000391 1951638 2270854 1919929 1621567 2070580 2163083 2389889 2080204 1969467 1768280 1852250 2274917 1902608 2130589 2088004 2254681 1926990 2187887 1884248 2143931 1957462 1923991 2097457
1734997 1835849 1914840 1999267 2098387 1921487 2222211 2126126 2096011 1986300 2380698 2093028 2033508 1978250 1874577 2230720 2046127 2307992 1725827 2172733 2051237 1817015 1906151 2291966 1894922 1964205 2105886 1928063 2317352 1946086 1594256 2109887 2046882 2255662 2060405 2004075 1879381 1952033 2199276 1975353 2212320 2254055 1951925 1882480 2155092 1854345 2317060 1847494 1809212 2038815
1649772 2039908 1987212 1888815 2048572 2004549 1972444 2154254 2136842 1910944 2251911 2054124 2038254 2071672 1871363 2100480 1884958 2258245 1850932 2027617 2011718 1775308 1813028 2168197 1719801 1889786 1760173 1843531 2237274 1927522 1357203 1965006 1961148 2130764 2124788 2089884 1904793 1655913 2237786 1797544 2005669 2006959 1931762 1914650 1923794 1784186 2029739 1868834 1735251 2218797
1714608 2024640 1902443 1938354 2115882 2077223 2126497 2159773 1964960 1865643 2351390 1819843 1807944 2077222 1789440 2279270 1759217 2083718 1794304 2102234 1891209 1756242 1723731 2141607 1742122 1935576 1793550 1786670 2197476 1853764 1423980 1857410 1913059 2193737 1955630 1965489 1721402 1670656 1851503 1702787 1988253 1985604 2214724 1835473 1812167 1765797 2079842 1877148 1614073 2002827
1735401 2037071 1986490 2034209 2095767 2077851 2135070 2148011 2056383 2022042 2202619 2148506 1921056 1868143 1929887 2165253 2072692 2255899 1906378 1928663 1961671 1858999 2082231 1964030 1722028 2149998 1759921 1650203 2013518 1921193 1396554 1811675 1966791 2006413 2042987 1865434 1782313 1628192 2193480 1749574 1932453 2028739 2137698 1941897 1938598 1858857 1852371 1706207 1706557 2057916
1803953 1980831 1842616 1980305 1948058 1907377 2087372 2231423 1911176 1861038 2433595 1903793 1751138 1872660 1800830 2090648 1951218 2186970 1854822 2191491 1808824 1785957 1696707 1985952 1849207 2097901 1986634 1815627 2130673 1873126 1295754 1977890 1953594 1941128 1823763 1871609 1767114 1584872 1877045 1801324 1913716 2114135 1925175 1856906 1808232 1847074 2058282 1712034 1548161 2092963
1560277 2107495 2035334 1952169 1988802 1970866 2057988 2205012 2218740 2030150 2299994 2301637 1845149 1984234 1891315 2362891 2147135 2204704 1895703 2102418 2170404 1850993 1881487 2338646 1853097 2147612 1896456 1830487 2342236 1930949 1473972 2212342 2128896 2170463 2076427 1992892 1942245 1844348 2104470 1844782 2140109 2080005 2138500 1804112 2068803 1928684 1914392 1900473 1775038 2088472
1832095 2113318 2037692 2006592 2094840 2207947 2256313 2312378 2184664 2026069 2192090 2335669 1942655 2087333 1876485 2493804 2240334 2359425 2025779 2101319 2313913 2017538 1802256 2483414 1787093 2189628 2038035 1848694 2347563 2120464 1669048 2358896 2308154 2193117 2130246 2148001 1953324 1908979 2263294 2274561 2271219 2284085 2254970 1635860 2198644 2111874 2073007 2066690 1781790 2078488
1881621 2002874 1990005 2186970 2243371 2140585 2462518 2108976 2041748 2088605 2427655 2130509 1853695 2079581 1960967 2370005 2144455 2340879 1897333 2114556 2021957 1775133 1877813 2328557 1690261 2338718 1882159 1998390 2229279 1873664 1511163 1997900 2155262 2388936 2092562 2022889 1933179 1715142 2160618 2040035 2028135 2365138 2307734 2058075 2026563 1946941 2250287 2007013 1689320 2226786
1800199 1963348 1968883 2131118 2035736 2096736 2254868 2030142 1974942 1808606 2084379 2046313 2021937 2070400 1755038 2149849 1949276 2244349 1805028 1911356 1895628 1771341 1800002 2259304 1701941 2105751 1485137 1779187 2141333 1855500 1351088 1923675 1992512 2045417 1881158 1840014 1718691 1715336 2102570 1859217 2033798 2197079 2194537 1723073 1814092 2007898 2013959 1773588 1725908 1949484
1682822 1903390 1848475 1791369 1783287 1839938 2108026 1973936 1830312 1765560 2164390 1783365 1879553 1685332 1691042 2179722 1841451 2120283 1766427 2006210 1795664 1719365 1836014 2072175 1724145 1800126 1833636 1806865 2193554 1875034 1473452 1874551 1830656 2032494 1958017 1834405 1561982 1670995 1999559 1775341 1929090 1926458 2034752 1771480 1778524 1713801 1844197 1735936 1563527 2006678
2101812 2257197 2085651 2198006 2328092 2244810 2551800 2478181 2236360 2396061 2519282 2384642 2295330 2324687 2057546 2671288 2373461 2556716 2302079 2367225 2228707 2126696 2213435 2461407 2015139 2454734 2154019 1969635 2367449 2282553 1787862 2313379 2474137 2424186 2372045 2369318 2064627 1970080 2478731 2334612 2282352 2494980 2565880 1973127 2506988 2110101 2342003 2228610 2005653 2317337
1655927 1738898 1725678 2042316 1900489 1659617 1991295 1946800 1995218 1745564 2146523 2058256 1838770 1863344 1819008 2134439 1979416 1976138 1784533 1934657 1643226 1555393 1864704 2165610 1804929 2050339 1678521 1694576 2175391 1698591 1326330 1823291 1874638 2116841 1830369 1705927 1794523 1597370 1985176 1660974 1806358 2155197 1995533 1879386 1802735 1745249 1933284 1865834 1486785 1802975
1815759 1956311 2166199 1921575 1987808 2093804 2166958 2300453 2156966 1941327 2195685 2264939 1944939 2028595 1992548 2252159 2014307 2181703 1947761 2062033 2033448 1845347 2060476 2268754 1825418 2058181 1608400 1636645 2364866 1858810 1444109 1919787 1895055 2266573 2059517 1936409 1909262 1759652 2165238 1733530 2094793 2124524 2030382 1725874 1909530 1954466 1980682 1880926 1639313 1890660
1846149 2187570 2024170 2187936 2313213 2177236 2301462 2180933 2179259 2213028 2383970 2232983 2099619 2079035 2207269 2580655 2394692 2394124 1904457 2336640 2309178 2164703 2178030 2367575 1896752 2294998 2212926 2138977 2467758 2201139 1793227 2167045 2256239 2375919 2387745 1924354 2110748 1959958 2402974 2114774 2146755 2536944 2381650 2190458 2143826 2073199 2182640 1844079 1840886 2191118
1699044 2120818 2102271 2169161 2274752 2043233 2297139 2317056 2284802 2143537 2476005 2347641 1966109 2183526 2056215 2247769 2195025 2110870 1972840 2102624 2153696 1865068 2084179 2367795 2031264 2132094 2012162 1824025 2337140 1995618 1531878 2162975 2314104 2201762 2090037 1904057 2073323 1874372 2246433 1992974 2194156 2255494 2242210 2106776 2229813 2081383 2204254 2082006 1878640 2215333
1920786 1979778 2154994 2089247 2139073 2095666 2187559 2444457 2160937 2101491 2345927 2122644 1999693 2051513 2153434 2287915 2009824 2354518 2035925 2216920 2269534 1900536 1968344 2204656 1885799 2021291 2034892 1862319 2614519 1918637 1655834 2063280 1928583 2248553 2018041 1898379 1855063 1802144 2180273 1759240 2339445 2326720 2113024 1922808 1898459 1908083 2066989 1961980 1814798 2110443
1952343 2182047 2181674 2133423 2267070 2219322 2250440 2227554 2103300 2019839 2464505 2023559 2061365 2116917 2057429 2416865 2238773 2482358 1907176 2317185 2274675 2057274 1835738 2308024 1843547 2314209 2023360 2009925 2376268 1945098 1656640 2089125 2233958 2383952 2151865 1907109 1947385 1919351 2308540 1988202 2164105 2384407 2348793 1954946 2003997 1999899 2124479 1847307 1819739 2032087
1690419 1948570 2018333 1889305 1998725 2003324 2070012 2296947 2247010 1879630 2360622 2121376 1839425 2006559 1973843 2213653 2169721 2077593 2010173 2046275 2133029 1741200 2008467 2088406 1879305 1999721 1921447 1622707 2136375 1967927 1567397 2035686 1949364 2167298 2037712 2036086 1766172 1816110 2366319 1899959 2028405 2101743 1959347 1831939 2013633 1880487 1973130 1797787 1823592 1813559
1868520 2005062 2000064 2045451 2174058 1952785 2183396 2188900 2124898 1915376 2388974 2064733 1897225 1969896 2015522 2273197 2084470 2290957 1843883 2017246 2057752 1835330 1820370 2122040 1671744 2140057 2015155 1877917 2333442 2061687 1477029 2040235 2009154 2169714 2071159 1993562 1863824 1737572 2044856 1841325 2092644 2240677 2155846 1833487 1883908 1811618 2047400 1747206 1755658 1923801
1864605 1949923 2249511 2243610 2257372 2391598 2427808 2259205 2276079 2067083 2312235 2227852 2037646 2200195 2110571 2358160 2415968 2304582 1932013 1989141 2186320 2092256 2156400 2367693 1658082 2241653 2111874 1907589 2276843 1965482 1640536 2258184 2120845 2486452 2328408 2125540 2021809 1895657 2355660 2198399 2160436 2527420 2383377 1958742 2061656 2135989 2189763 1882168 1889947 2116562
1731964 2041140 1777747 1864338 1947912 1980110 2056438 2204474 1955617 1851378 2120179 2004137 1991336 1958465 1767692 2133241 1948169 2143768 1827330 1940576 1951139 1689810 1757895 1980157 1729488 1898359 1693155 1625005 1985127 1973879 1433367 1904003 1988124 1845652 1858025 1891410 1716726 1700035 2261124 1776602 2058243 1826608 2206433 1857911 1823266 1796244 1941417 1787311 1659158 2013952
1902981 2011623 2095086 1945354 2183535 2225121 2383120 2235514 2287601 2073257 2499797 2195183 1997854 2253422 2035671 2325032 2153756 2334353 1820172 2332961 2366052 1907409 2056321 2289481 2023377 2197499 1955146 1978447 2516338 1921792 1523060 2066115 2034463 2215365 2084905 1965280 1815387 1895854 2299345 2004251 2249228 2354694 2266783 2103753 2068790 2104479 2227450 2013743 1810693 2110213
1846671 2015921 2064133 2111079 2276094 2103116 2383057 2350090 2295109 1999406 2480903 2230201 1951857 2197566 1939606 2281960 2257160 2361193 1998510 2150295 2267125 1900365 1911836 2288255 1934014 2162893 2220858 1959774 2374030 2136921 1587915 2069996 2152429 2306762 2022060 1939062 1942155 1936940 2303176 1940033 2280866 2326218 2190568 2187460 2016932 2007146 2402089 1854293 1705584 2128793
1612037 1935024 2065805 1906504 1987398 1998675 2110552 2139967 2168479 1939379 2101447 1989001 1795169 1975921 1906085 2195617 2126294 2061858 1677818 1951136 2046296 1959174 2002004 2170349 1655083 2111499 1873354 1719219 2031594 1632561 1529732 2088162 2049166 2242056 1995478 1788958 1754962 1715902 2120170 1775804 2058453 2082061 2257062 1898863 1897422 1952703 1933533 1828560 1899001 2041197
1954067 2052600 1941103 2004093 2182323 2069587 2216986 2068108 2050114 1945210 2406992 1982049 1918114 2147310 2038329 2404025 2137295 2185701 1891158 2220897 1964896 1747148 1920872 2090567 1829067 2045899 2066418 1932881 2319654 1834104 1610535 1903758 2180081 2334889 2077509 1997160 1844472 1854284 2113205 1947781 1996759 2421753 2167477 1935340 1943704 1902318 2069837 2014057 1614652 1920857
1731829 2114579 2077241 1870924 2087362 2038164 2152283 2218478 2036064 1846552 2127329 2036957 1847423 2057853 1828217 2142808 1797229 2094021 1859900 1873620 2085785 1767477 1815639 2168915 1655565 1979672 1878753 1778741 2248718 1913478 1402089 1954518 1942638 2139616 1963026 1929718 1823683 1537384 2197219 1705784 1995884 2076225 1921554 1734575 1813759 1812350 1896996 1724380 1731361 2002248
1709332 2086406 2146242 2100596 2237407 2176026 2239324 2306232 2329650 2083756 2457419 2255440 2055619 2271154 2174945 2428006 2157828 2434658 1955163 2108985 2241971 1924963 2087560 2368791 1689345 2189200 1930464 2000456 2396575 1967270 1655886 2277398 2068768 2387002 2319854 2279064 2007134 1847669 2379389 1981423 2284119 2272806 2336332 2064985 2115698 2180926 2152682 2079224 1975446 2443872
1479475 1663185 1645339 1685482 1703158 1884309 1784386 1870228 1770851 1687067 1801429 1898761 1636571 1820217 1705685 1912832 1501894 1867059 1541472 1752814 1876578 1433038 1618408 1985578 1510250 1658833 1342641 1536236 1974069 1621140 1314980 1616759 1667595 1806337 1706715 1645701 1455529 1450055 1980144 1561557 1644367 1826843 1838770 1599928 1570592 1667958 1616459 1597167 1485938 1824440
2025172 2081661 2139564 2114760 2300076 2225242 2395015 2266054 2077368 1957449 2397574 2235458 2141864 2044991 2113296 2459622 2184285 2425071 2109255 2109152 2094797 1952769 2217592 2308435 1705714 2202182 1916378 1853785 2229035 2132587 1829000 1891102 2304927 2226150 2213410 1860663 1843398 2024238 2299083 1977898 2202510 2083410 2332944 1956337 2199943 2011410 2051456 1907142 1833353 2143423
1725826 1788617 1978236 1927591 1951907 1787145 2118754 2130652 1972791 1896020 2167073 2102699 1800823 2102183 1913182 2079016 2018728 1955330 1796243 1788416 1942497 1835100 1927427 2258357 1649747 1950749 1797101 1805774 2201335 1870613 1542823 1968422 1941457 2179233 2010246 1824048 1780921 1835031 2148513 1856573 1936215 2068492 2045983 1802971 1998614 1887035 2056575 1854250 1767924 1912636
1768835 1830369 1959093 1996593 2020185 1872219 1988414 1938383 1936703 1874275 2274059 2088485 1916982 1712162 1854390 2284054 2037594 2194987 1926189 1970093 1985955 1886954 1822275 2075894 1674697 2005453 1732648 1817875 2151231 1882174 1480188 1902271 1955919 2174163 1966467 1742240 1866414 1646913 2030936 1889991 1923661 2151830 1869677 1695965 1818506 1802550 1877599 1714008 1648315 1671075
1712260 1524919 1843954 1840900 1765130 1811196 2034517 1848645 1875256 1723791 2072581 1915025 1633458 1702039 1794271 2108399 2070776 1843087 1768407 1823899 1830210 1799205 1919237 2069087 1600595 2006593 1779994 1634395 1917499 1736312 1460000 1847168 1949248 2033901 1861664 1554034 1565106 1680425 1925499 1865245 1658660 2058768 2089612 1659393 1838060 1780094 1731869 1677396 1601861 1581604
1958497 2123780 2151909 2271244 2392912 2138075 2521359 2435292 2355382 2022298 2489057 2477985 2091564 2126807 2147774 2517034 2443472 2427482 2295275 2104315 2170992 1994598 2333771 2470800 1981845 2466280 2220070 1954585 2328016 2209406 1707319 2110521 2300246 2493965 2235882 2124810 1988316 1992271 2534850 2156155 2201870 2394482 2321418 2180795 2207769 2075640 2374920 2080894 1777485 2293868
1783567 1984510 1793682 1978615 1946400 1882595 1996386 2072295 1756486 1889181 2278470 1828396 1785655 1767700 1886846 2239892 1921668 2143746 1736291 1971689 1731311 1824882 1833245 1944048 1665854 2042537 1717743 1828750 2112296 1937865 1352381 1862121 1870809 2036781 2027645 1872264 1730660 1698504 1866540 1786526 1817232 1947386 2069991 1662069 1737390 1679816 1874988 1695711 1549652 1830588
1868402 2321134 2354057 2370251 2421051 2386986 2457836 2506701 2469121 2270593 2501483 2368782 2136136 2313558 2210122 2504712 2170317 2378504 1990745 2213633 2416566 2117187 2208726 2735245 2038617 2374719 2121050 2087496 2630681 2076133 1629148 2338645 2310262 2439684 2243529 2168495 2104161 1881163 2533032 2067830 2262041 2371702 2419053 2171768 2281061 2156442 2270049 2240306 2074364 2415329
1721484 2050082 1969147 1902167 2115550 1836744 2192693 2079596 2088905 1824382 2327471 2091131 2038287 2003884 1843002 2151994 2134561 2154233 1859620 2079185 1990404 1610283 2052141 2038084 1826178 2165147 2100923 1608458 2118290 1854490 1542808 1987959 2126292 2203992 1897288 1882908 1748544 1789203 2218935 1927595 2005440 2122799 1998314 1819786 2045847 1713073 1942329 1852972 1736458 1858415
1865656 2179560 2045058 2001944 2043849 2129509 2222180 2353738 2080764 2032057 2369740 2114398 2065858 2175109 1863450 2105817 1910835 2284722 1847221 2236907 2108517 1919441 1899572 2423667 1955208 1999605 1921669 1948518 2405438 1980376 1478691 2058876 1937830 2239796 2170026 1874338 1839711 1795331 2242247 1851656 2199741 2210981 2217596 2013622 1872057 1969729 2218108 1807926 1873754 2234578
1888147 2175285 2117294 2293208 2251654 2236446 2266454 2529772 2183343 2122735 2381324 2245742 2201393 2293067 2035308 2459772 2153604 2400571 1908141 2224074 2373526 2072429 1897966 2562555 1968370 2223424 2189880 1938572 2684199 2019569 1655543 2414879 2075646 2303970 2131462 2063713 1978305 1818338 2373901 2196554 2344855 2421456 2308250 2063860 2083427 2062326 2326194 1958453 1980598 2226756
1528886 1606986 1584900 1758940 1833724 1735606 1959267 1903967 1550726 1744882 1956087 1824820 1665790 1848245 1579635 1770326 1666550 1992518 1559341 1698555 1652053 1565064 1603838 1924040 1482171 1839698 1655597 1649279 1879576 1675289 1170150 1703994 1655948 1917003 1846485 1790625 1645266 1407738 1773907 1700097 1720810 1931743 1797897 1557645 1792841 1522578 1872023 1459879 1478600 1819835
1916279 1956116 2079506 2124747 2162575 2031460 2065195 2224343 2233951 2112870 2374315 2357530 1933960 1932332 2053236 2347205 2088649 2214667 2012386 2106369 2157713 1979670 2176942 2397907 1889106 2138870 1811491 1872550 2331441 1906576 1647923 2067416 2025346 2176933 2069859 1842017 1849895 1697638 2254788 1950112 2136604 2284910 2136911 1872926 2037202 2202848 1946777 1963349 1747085 2084719
1797833 2129159 2047949 2068292 2093243 2145729 2352944 2297375 2315881 2079543 2403798 2214617 2090367 2167064 1895307 2526401 2269379 2445175 2079875 2290944 2257237 1897527 2013189 2291683 1835887 2236243 2182737 1906659 2507081 2109727 1624372 2372347 2272271 2315123 2147455 2329652 1969236 1778085 2329204 2063513 2141272 2217147 2164104 2031890 2140020 1952158 2112401 2031462 1829207 2238924
1851892 2144256 2117603 2007858 2169166 1935470 2232718 2216860 2128294 2062228 2372238 2239601 2099009 1998205 2009639 2158321 2024969 2307757 1931898 2163156 2085722 1793178 2084033 2234428 1914657 2230685 2001271 1896150 2433339 1852483 1470726 1991804 2111655 2298939 2035546 1818222 1954952 1754051 2250469 1893801 2173868 2145155 2193185 2051751 2155781 1690078 2041882 2103896 1763557 2167917
1918251 2032710 1964323 1933098 2066327 1927389 2250547 2100343 2038022 2064231 2450533 2123246 1799461 2047653 1872183 2219650 2095382 2165354 1812114 2224869 2080244 1830603 1926765 2296421 1805929 2132507 2010946 1862709 2271954 2019181 1554734 2100650 2085000 2133282 2174046 1780637 1863883 1804715 1927713 1898208 2050618 2306049 2198427 1835157 2047871 1977084 1968424 1820664 1836021 1930040
1473398 1902649 1861335 1726894 1909519 1991167 2176122 1955847 1937376 1935403 2071812 1987747 1789094 1792990 1673890 2231980 1955750 2148253 1962678 1950905 2027632 1684683 1825512 1981367 1655427 2040186 1707639 1713513 2101100 1670021 1419447 1847657 2067508 2137576 1887361 1925884 1880978 1391698 2169869 1766180 1863254 1911522 1921726 1871450 1897274 1712206 1675300 1810304 1611439 1967886
1899958 2324141 2240584 2214815 2491145 2081399 2244855 2371584 2306787 2165618 2388441 2350734 2078026 2182243 2170229 2535630 2368390 2236798 2033519 2146463 2225417 2083138 2296465 2367897 1833657 2196085 2310703 2026337 2355583 2217070 1726342 2198733 2442633 2368914 2261697 2105158 2115550 1830009 2479415 2008457 2310558 2342142 2320659 1983228 2114013 2002704 2017955 2120026 1870091 2169764
1505601 1737312 1577290 1766188 1576921 1793534 1848800 1962455 1781514 1679230 2047536 1870537 1780574 1823920 1610852 1850247 1737758 1966741 1648491 1860209 1782084 1385838 1616086 1868336 1713710 1877511 1391612 1413999 2121300 1511557 1076652 1800364 1678558 1900056 1688287 1618276 1645079 1508220 2032603 1554559 1658540 1715192 1766530 1828862 1606539 1655287 1834891 1628100 1437753 1771139
1944605 2107056 2018417 2022073 2162817 1929712 2144328 2338864 1997575 1887411 2461875 2107145 2098535 1994208 1999619 2231515 2081742 2167573 2025287 2085408 1930754 1747010 2073155 2281058 1825101 2094192 1866252 1858630 2155338 1886077 1536880 1988077 2059824 2220004 2093901 1927881 1762599 1753767 2355358 1982686 2148233 1913761 2266739 1928632 2015087 1836972 2081768 2052135 1708176 2313029
1639616 1604245 1784826 1727522 1736560 1913283 1882791 1860869 1644105 1771588 1959712 1921501 1815735 1774165 1590859 2021700 1710026 1965895 1573399 1736019 1775244 1714911 1593522 1926261 1463493 1656216 1493358 1479692 1943260 1633836 1437957 1822879 1749211 1785346 1790138 1639783 1537963 1614999 1902446 1933794 1867988 1969634 1820773 1452030 1768437 1817268 1727378 1577522 1623754 1567142
