13 13
 +5 +47 +221 +328 +394 +140 +351 +182 +41 +134 +38 +337 +228
+297 +118 +181 +200 +145 +110 +94 +164 +247 +173 +147 +204 +244
+22 +118 +180 +168 +176 +285 +280 +252 +316 +268 +89 +140 +131
+391 +285 +295 +144 +96 +157 +64 +64 +189 +384 +335 +351 +284
+256 +150 +317 +315 +74 +302 +319 +187 +130 +67 +155 +71 +312
+294 +250 +280 +319 +311 +289 +359 +284 +114 +303 +159 +59 +276
+288  +9 +164 +15 +58 +133 +21 +297 +44 +371 +363 +185 +269
+40 +377 +316 +108 +301 +134 +150 +237 +249 +397 +93 +85 +301
+286 +157 +297 +356 +87 +294 +71 +116 +20 +259 +134 +110 +115
+320 +231 +272 +88 +92 +279 +210 +176 +11 +273 +53 +386 +90
+248 +282 +104 +224 +265 +262 +209 +101 +62 +128 +292 +333 +130
+78 +146 +157 +300 +395 +199 +25 +25 +19 +17 +291 +333 +284
+22 +398 +249 +211 +21 +394 +296 +259  +2 +350 +299  +7 +350
