33 33
+399 +326 +10 +92 +312 +286 +393 +142 +167 +276 +152 +333 +12 +283 +21 +183 +73 +144 +256 +104 +90 +30 +138 +58 +130 +42 +131 +132 +385 +131 +195 +185 +259
+355 +366 +119 +134 +141 +244 +386 +345 +265 +17 +237 +16 +226 +98 +223 +93 +137 +369 +48 +13 +130 +342 +88 +66 +23 +146 +311 +39 +93 +271 +273 +130 +381
+264 +233 +379 +47 +389 +15 +72 +140 +133 +206 +70 +229 +372 +91 +319  +6 +302 +21 +30 +193 +93 +33 +56 +280 +233 +23 +195 +30 +398 +44 +62 +101 +23
+187 +399 +308 +340 +346 +125 +388 +65 +371 +311 +358 +19 +333 +182 +27 +260 +219 +72 +75 +293 +211 +54 +182 +88 +285 +391 +229 +150 +252 +84 +198 +332 +226
+180 +225 +120 +305 +352 +17 +270 +319 +74 +34 +28 +293 +114 +361 +49 +60 +177 +322 +197 +111 +162 +130 +221 +91 +106 +15 +389 +92 +311 +286 +329 +39 +112
+282 +152 +398 +91 +74 +76 +223 +345 +179 +89 +126 +121 +367 +140 +63 +199 +126 +93 +333 +96 +336 +256 +92 +381 +293 +357 +249 +78 +355 +268 +102 +346 +117
+392 +98 +71 +45 +296 +28 +324 +387 +123 +313 +51 +98 +177 +79 +316 +121 +15 +380 +232 +285 +136 +148 +235 +91 +155 +233 +76 +81 +341 +299 +385 +348 +270
+367 +133 +70 +205  +9 +276 +15 +347 +20 +225 +313  +5  +3  +5 +177  +6 +125 +134 +397 +159 +341 +308 +332 +306 +95 +55 +22 +372 +81 +14 +11  +7 +142
+323 +244 +345 +209 +25 +311 +249 +256 +399 +146 +260 +366 +128 +41 +381 +289  +4 +42 +337 +237 +290 +129 +312 +291 +90 +71 +252 +264 +228 +248 +225 +300 +315
+236 +30 +352  +2 +53  +1 +324 +38 +136 +28 +86 +271 +88 +310 +348 +116 +201 +371 +170 +344 +92 +391 +207 +186 +153 +371 +207 +177 +229 +144 +325 +233 +81
+293 +206 +351 +46 +65 +49 +396 +256 +198 +280 +183 +360 +346 +238 +378 +204 +301 +242 +260 +384 +22 +109 +118 +105 +49 +12 +193 +259 +66 +122 +252 +304 +267
+335 +358 +205 +278  +4 +174 +145 +286 +185 +117 +198 +287 +139 +318 +210 +51 +136 +26 +220 +298 +222 +311 +351 +283 +228 +108 +20 +283 +65 +398 +26 +395 +22
+343 +90 +238 +102 +376 +61 +230 +357 +15 +165 +207 +344 +58 +374 +262 +220 +315 +248 +223 +383 +239 +395 +236 +49 +213 +276 +291 +109 +95 +138 +107 +105 +143
+196 +344 +44 +116 +242 +191 +366 +57 +146 +158 +140 +273 +23 +333 +119 +70 +12 +150 +361 +39 +39 +14 +248 +117 +311 +90 +84 +96 +296 +396 +12 +281 +381
+190 +37 +166 +55 +282 +132 +98 +18 +127 +179 +55 +160 +13 +270 +172 +120 +268 +202 +231 +199 +295 +316 +286 +399 +87 +268 +163 +249 +146 +182 +143  +5 +93
+31 +276 +55 +386 +104 +379 +63 +117 +328 +363 +313 +229 +292 +93 +258 +24 +186 +15 +179 +367 +302 +282 +205 +216 +380 +105 +345 +271 +345 +395 +338 +106 +315
+239 +375 +26 +339 +177 +101 +252 +100 +326 +215 +42 +230 +77 +107 +318 +123 +340 +191 +388 +380 +293 +72 +393 +94 +349 +205 +144 +41 +372 +54 +153 +300 +152
+259 +344 +237 +286 +19 +266 +110 +267 +107 +282 +113 +71 +177 +133 +326 +101 +27 +111 +61 +173 +100 +218 +256 +264 +256 +381 +117 +215 +20 +175 +280 +137 +254
+286 +340 +121 +224 +318 +318 +273 +184 +262 +386  +4 +230 +285 +11 +23 +394 +157 +384 +175 +97 +198 +306 +172 +397 +276 +201 +102 +383 +280 +102 +124 +52 +104
+68  +8 +264 +301 +185 +365 +243 +195 +165 +150 +270 +242 +142 +97 +247 +197 +73 +156 +31 +370 +140 +109 +86 +108 +273 +372 +346 +88 +375 +324 +180 +15  +6
+90 +214 +211 +213 +389 +123 +71 +72 +348 +155 +40 +377 +39 +125 +340 +75 +20 +323 +310 +377 +276 +199 +188 +299 +148 +69 +102 +88 +264 +172 +110 +281 +252
+11 +194 +100 +103 +123 +256 +384 +41 +74 +177 +178 +316 +355 +206 +367 +21 +229 +170  +5 +168 +201 +248 +200 +385 +117  +6 +288 +20 +303 +41 +73 +73 +258
+286 +42 +396 +25 +329 +152 +31 +348 +271 +217 +396 +372 +73 +186 +177 +10 +243 +323 +228 +180 +24 +369 +234 +36 +68 +212 +178 +69 +336 +207 +124 +163 +215
+374 +326 +397 +393 +312 +269 +324 +112 +180 +273 +12 +211 +317 +331  +6 +126 +385 +42 +100 +271 +165 +97 +308 +188 +250 +222 +204 +380 +105 +287 +21 +17 +235
+289 +356 +224 +255 +191 +237 +163 +177 +147 +387 +294 +149 +208 +109 +40 +188 +19 +130 +389 +140 +71 +210 +243 +37 +133  +9 +186 +389 +47 +313 +201 +170 +300
+367 +40 +365 +216 +306 +16 +249 +158 +141 +204  +4 +84 +88 +77 +156 +301 +138 +399 +305 +122 +144 +110 +192 +332 +124 +42 +198 +36 +123 +340 +300 +201 +223
+366 +307 +67 +280 +304 +127 +373 +183 +24 +203 +54 +258 +68 +316 +188 +369 +242 +189 +241 +19 +73 +179 +235 +248 +319 +379 +267 +151 +345 +122 +261 +236 +23
+70 +259 +362 +147 +325 +266 +312 +263 +84 +181 +113 +102 +249 +215 +212 +167 +85 +176 +65 +212 +193 +185 +205 +234 +391 +349 +397 +163 +151 +335  +8 +206 +204
+12 +382 +399 +279 +15 +390 +395 +322 +326 +54 +97 +107 +150 +285 +86 +364 +245 +143 +275 +192 +350 +271 +177 +249 +381 +213 +138  +3 +255 +42 +17 +67 +85
+282 +351 +348 +370 +46 +380 +21 +172 +179 +363 +12 +67 +254 +277 +246 +334 +399 +18 +149 +140 +85 +392 +159 +80 +110 +316 +331 +355 +248 +378 +44 +23 +116
+315 +130 +237 +50 +309 +205 +151 +374 +248 +27 +380 +51 +362 +162 +206 +129 +115 +385 +344 +105 +38 +23 +202 +113 +329 +13 +210 +203 +175 +198 +339 +13 +20
+198 +63 +367 +191 +235 +361 +131 +22 +368 +274 +113 +227 +285 +176 +168 +77 +33 +10 +283 +20 +356 +107 +271 +362 +266 +140 +383 +277 +126 +268 +186 +123 +230
+197 +27 +14 +275 +223 +189 +339 +220 +352 +347 +396 +288 +35 +214 +63 +379 +122 +358 +128 +36 +257 +152 +72 +68 +345 +356 +167 +127 +211 +344 +190 +389 +359
