14 14
+274 +68 +265 +350 +288 +176 +347 +36 +247 +43 +36 +212 +40 +27
+397 +350 +274 +172 +192 +12 +84 +39 +52 +270 +322  +1 +309 +281
 +5 +185 +45 +196  +0 +76 +211 +207 +378 +81 +52 +11 +381 +108
+307 +231 +127 +398 +213 +392 +361 +290 +367 +357 +396 +367 +101 +193
+366 +44 +92 +77 +278 +169 +45 +328 +101 +151 +177 +377 +95 +140
+113 +280 +327 +371 +11 +160 +383 +22 +85 +254 +189 +267 +181 +129
+190 +284 +186 +181 +87 +306 +185 +335 +293 +119 +24 +170 +226 +330
+39 +377 +182 +243 +92 +122 +385 +144 +157 +377 +119 +335 +272 +148
+133 +25 +352 +153 +116 +61 +227 +293 +23 +304 +351 +250 +177 +260
+297 +325 +248 +375 +54 +255 +90 +56 +43 +127 +29 +164 +375 +214
+319 +376 +208 +18 +336 +345 +128 +28 +193 +397 +144 +217 +118 +56
+64 +273 +29 +143 +274 +250 +262 +339 +64 +208 +242 +35 +215 +16
+388 +21 +308 +321 +225 +263 +105 +196 +116 +393 +249 +100 +311 +234
 +8 +102 +181 +40 +380 +366 +48 +224 +237 +297 +111 +342 +374 +200
