856176 889971 966955 725419 792321 979408 670762 881543 809273 995090 760382 861149 781466 811825 898486 935935 802805 940754 901345 831945 822280 815418 720833
1176192 1160378 1142275 1050903 1049102 1300940 980396 1091968 1060199 1234550 1082565 960236 1124469 982044 1125599 1150099 999368 1195878 1153811 969541 991116 1072225 867170
1126973 1204011 1267654 1018578 976420 1194872 950389 1119411 1118713 1216144 1016268 1082466 1157536 1084200 1084836 1176975 1065321 1319927 1223640 1043446 1032731 1119383 942111
1169487 1024080 1077677 849111 989588 1107418 923812 942482 1060955 1039347 954870 944932 955375 894146 947827 1046749 1019090 1260028 1116815 805828 941868 897616 877825
987923 895722 883249 799886 789294 842588 877306 757340 839691 995672 891546 739278 848299 867297 861506 861392 828620 916705 993294 758914 849664 642381 827093
982729 1005620 836308 671663 793759 890987 646135 839508 839755 763124 884084 699633 732542 662755 719654 975076 840201 991412 985160 692825 562414 667513 804048
885768 789057 999943 865542 805560 961285 676100 885431 865942 892083 873909 657791 803391 844722 740545 845022 683040 1089807 941018 769322 841350 773838 799626
1145519 1053374 915813 816959 781105 1019559 805016 915099 938859 962067 981911 934828 895990 744220 1062740 1070110 918000 1178419 983911 802884 832001 920394 774486
973839 1013188 1040276 901692 887295 1000778 660221 1101576 948856 1109571 822879 964659 945627 992434 1025912 1029818 964169 1153166 1030418 918920 852072 971554 772298
985998 1006474 1085196 810365 933666 1018518 702969 1029893 904935 938033 929476 803513 991176 863277 811770 1015322 883868 1152770 1061170 922501 738922 905887 839639
894700 831651 982335 887891 766468 959980 666305 868553 880741 757256 845868 742991 911327 823688 801416 827331 731034 1070143 872618 733366 802564 852996 736047
966484 983320 934120 770567 729115 890476 639597 1032402 860695 887092 821371 786015 826779 870915 848971 832507 849098 992366 944960 837514 764492 857221 764316
789328 893921 855350 747640 554769 872054 646287 832340 754020 695129 745248 844923 762424 686860 765507 831090 799037 1031633 877608 656323 717253 952084 617717
1119437 1065487 1230011 1024400 884696 1022258 843915 1030107 1022770 978119 1082875 823553 1047096 889449 920961 1093135 1018860 1305544 1168941 958634 918314 1000486 916614
1216477 1117723 1197527 939071 1069177 1176529 823629 1168476 1105419 1186818 1032282 952892 1000888 1030742 1041125 1087002 1079422 1374162 1184796 906858 1004993 1097841 961025
1167357 1157220 1088167 883452 938487 1154782 837721 1017450 1073094 971691 916924 1027143 1028361 824918 976849 1163095 981074 1351417 1093151 892268 832203 1033617 834921
1056353 1130916 1162414 924925 939232 1093852 879992 981173 1081600 1090878 878280 896376 938109 860879 909126 1130624 920822 1130007 1138595 867962 894911 851861 795731
1018868 1107775 1190015 1015388 810056 1038881 825882 1079517 1053135 1001659 949630 949791 1077823 883085 930512 1091801 932373 1359894 1136743 1000173 914654 1089126 746402
1009770 1045192 866811 876186 859451 1010283 815183 894206 913736 866417 910732 659426 880602 687076 764743 871244 780852 966808 1041847 770475 730498 781568 722209
865613 958557 1077870 901696 905452 1011088 881422 852151 919914 970344 794572 814291 915154 876035 918331 960561 821305 1024016 982273 772757 871706 736184 696094
790240 970578 1027971 901214 733905 1011949 759019 875797 859895 883191 800084 735969 832552 827344 738613 789895 609626 979535 993035 784367 868864 791432 733799
829642 810049 863379 649187 760723 845878 672462 757673 686521 805142 805974 708961 781105 840674 758620 861305 736348 885632 875138 658530 702947 661060 812072
835189 950735 957504 653316 818910 862176 716801 796378 828232 852390 660382 724421 734833 685419 751117 944668 799966 983161 918603 783848 676133 649992 642347
