34 34
+273 +135  +5 +222 +111  +8 +145 +217 +46 +209 +208 +143 +261 +236 +83 +331 +154 +183 +166 +10 +267 +112 +263 +87 +235 +94 +233 +324 +358 +87 +208 +324 +281 +174
+396 +284 +250 +231 +374 +302 +128 +306 +104  +1 +121 +289  +2 +124 +285 +108 +247 +273 +134 +297 +10 +362 +261 +336 +221 +396 +321 +190 +301 +343 +228 +134 +188 +339
+116 +54 +338 +212 +183 +152 +128 +80 +47 +193 +390 +159 +25 +92 +376 +375 +90 +266 +253 +156 +123 +38 +35 +248 +355 +210 +387 +94 +197 +182 +354 +382 +238 +121
+213 +385 +345 +305 +204 +169 +322 +269 +88 +229 +27 +356 +309 +268 +360 +35 +395 +135 +22 +120 +312 +277 +17 +227 +353 +116 +47 +73 +339 +263 +345 +34 +384 +133
+338 +92 +104 +280 +320 +56 +79 +294 +190 +149 +203 +293 +322 +371 +275 +127 +138 +298 +251 +329 +397 +100 +78 +300 +102 +145 +142 +88 +229 +279 +88 +129 +264 +397
+148 +316 +361 +300 +213 +353 +71 +370 +88 +197 +73 +390 +331 +329 +367 +63 +159 +319 +292 +312 +366 +370 +81 +25 +48 +112 +37 +280 +14 +163 +112 +321 +120 +196
+353 +247 +176 +98 +91 +298 +154 +309  +6 +286 +220 +379 +117 +364 +110 +377  +3  +4 +101 +24 +100 +212 +254 +148 +13 +80 +285 +233 +252 +166 +266 +81 +12 +40
+130 +287 +287 +236 +210 +40 +86 +360 +29 +310 +364 +281 +56 +157 +236 +177 +395 +159 +97 +246 +188 +359 +289 +231 +83 +64 +285 +168 +366 +105 +169 +49 +92 +345
+322 +184 +150 +224 +114 +360 +378 +144 +329 +393 +11 +262 +99 +182 +92 +148 +30 +380 +325 +118 +44 +381 +320 +206 +114 +227 +224 +394 +194 +96 +76 +45 +265 +395
+350 +317 +341 +118 +113 +355 +91 +328 +183 +68 +309  +7 +213 +35 +344 +70 +355 +390 +269 +15 +309 +399 +136 +30 +195 +49 +222 +49 +246 +188 +22 +73 +389 +170
+341 +392 +51 +199 +33 +237 +372 +152 +204 +362 +327 +338 +268 +383  +9 +79 +186 +24 +36 +356 +246 +252 +266 +68 +127 +349 +279 +183 +288 +377 +321 +218 +332 +203
+329 +60 +263 +90 +128 +259 +78 +189 +22 +107 +136 +366 +334 +125 +311 +192 +90 +77 +278 +236 +224 +193 +234 +42 +53 +179 +97 +306 +257 +92 +309 +329 +118 +397
+39 +267 +296 +353 +247 +240 +276 +235 +54 +12 +92 +367 +307 +150 +254 +145 +93 +388 +141 +211 +192 +238 +32 +136 +177 +234 +102 +32  +6 +228 +328 +274 +331 +248
+165 +387 +110 +238 +138 +329 +77 +174 +171 +191 +378 +354 +90 +340 +273 +258 +234 +276 +261 +289 +220 +179 +353 +31 +304 +360 +160 +345 +134 +318 +122 +389 +356 +52
+184 +107 +203 +32 +354 +251 +140  +4 +142 +120 +351 +270 +70 +147 +237 +378 +275 +163 +169 +82 +336 +120 +391 +225 +115 +216 +54 +65 +70 +331 +152 +184 +81 +188
+360 +99 +73 +353 +161 +205 +353 +269 +28 +235 +349 +208 +320 +213 +37 +68 +386 +10 +312 +346 +347 +361 +93 +152 +118 +218 +105 +359 +139 +328 +176 +49 +84 +212
+391 +99 +399 +172 +153 +154 +278 +341 +261 +355 +165 +167 +117 +220 +199 +146 +347  +8 +246 +14 +135 +278 +18 +368 +50 +165 +98 +174 +128 +337 +118 +206 +284 +249
+345 +118 +56 +92 +108 +93 +347 +364 +215 +222 +175 +124 +154 +314 +350 +372 +68 +76 +354 +37 +103 +31 +247 +189 +79 +366 +133 +80 +292 +39 +254 +231 +64 +259
+21 +132 +209 +266 +282 +42 +189 +263 +78 +57 +253 +368 +299 +206 +350 +314 +164 +273 +48 +33 +322 +166 +381 +259  +9 +221 +255 +149 +297 +383 +311 +351 +90 +189
+293 +304 +272 +130 +287 +308 +220 +313 +393 +238 +261 +223 +229 +272 +322 +396 +108 +90 +379 +131 +261 +247 +323 +89 +236 +285 +393 +80 +369 +361 +233 +201 +73 +136
+394 +334 +389 +340 +45 +346 +34 +145 +58 +352  +1 +313 +201 +358 +241 +266 +171 +13  +9 +276 +202 +378 +228 +128 +125 +72 +82 +293 +221 +386 +71 +250 +72 +262
+10 +85 +297 +374 +185 +219 +226 +176 +190 +272 +82 +309 +105 +79 +368 +101 +262 +306 +140 +302 +286 +158 +176 +373 +156 +358 +236 +337 +251 +192 +345 +54 +202 +19
+313 +273 +21 +379 +63 +212 +159 +265 +374 +249 +233 +80 +394 +121 +316 +89 +212 +30 +81 +335 +370 +277 +259 +39 +244 +191 +61  +9 +73 +347 +144 +104 +308 +205
+121 +78 +388 +110 +69 +130 +133 +137 +285 +135 +55 +336 +17 +42 +384 +313 +96 +270 +261 +331 +202 +59 +79  +8 +273 +235 +267 +263 +361 +56 +363 +263 +339 +149
+167 +275 +330 +235 +256 +392 +273 +325 +290 +16 +16 +302 +35 +50 +144 +316 +86 +268 +34 +75 +339 +246 +139 +218 +113 +259 +232 +121 +215 +393 +201 +276 +271 +315
+232 +298 +292 +166 +170 +171 +345 +268 +12 +47 +181 +79 +231 +296 +171 +12 +233 +242 +105 +163 +264 +161 +304 +48 +159 +287 +157 +147 +45 +391 +294 +181 +95 +175
+164 +205 +254 +159 +230 +307 +26 +192 +208 +170 +205 +117 +197 +268 +234 +106 +316 +79 +326 +271 +240 +12 +10 +157 +219 +192 +53 +360 +204 +65 +141 +143 +67 +231
+150 +24 +228 +225 +344 +322 +303 +140 +53 +85 +322 +125 +304 +317 +377 +95  +8 +299 +340 +254 +64 +360 +216 +223 +138 +275 +101 +327 +180 +232 +284 +297 +40 +325
+97 +216 +259 +269 +32 +383 +154 +295  +3 +274 +206 +203 +121 +142 +260 +340 +112 +294 +17  +2 +331 +34 +264 +303 +399 +182 +12 +13 +208 +207 +202 +133 +276 +328
+347 +26 +17 +378 +269 +306 +246 +147 +175 +167 +243 +82 +48 +306 +391 +76 +159 +281 +188 +159 +12 +294 +99 +39 +16 +49 +21 +130 +46 +306 +255 +262 +19 +309
+70 +84 +365 +207 +121 +359 +384 +195 +121 +187 +130 +335 +103 +238 +113 +133 +56 +115 +237 +41 +22 +242 +202 +152 +124 +95 +315  +0 +324 +230 +111 +25 +396 +114
+164 +133 +22 +59 +281 +27 +190 +97 +192 +60 +75 +45 +306 +73 +381 +113 +278 +330 +131 +104 +362 +215 +61 +32 +248 +354 +315 +70 +58 +257 +130 +25 +387 +375
+268 +68 +59 +166  +3 +104 +322 +311 +358 +109 +373 +235 +255 +294 +69 +185 +129 +384 +266 +120 +360  +6 +29 +259 +315 +231 +16 +61 +319 +30 +337 +84 +60 +347
+12 +293 +330 +298 +327 +171 +162 +224 +316 +345 +309 +249 +161 +399 +146 +183 +141 +24 +279 +252 +13 +376 +39 +91 +46 +149 +176 +43 +230 +57 +208 +304 +114 +43
