715353 531921 814280 498333 580933 625839 789341 812871 712940 734012 716987 766127 687274 820819 583731
656330 525094 690972 480976 553281 548456 550905 607568 590824 629216 598740 689269 757189 736786 377105
647542 428729 749526 436144 522203 522103 643598 620630 612527 675018 618191 705314 657983 727008 490962
738057 610203 802655 595756 698828 680081 748365 783142 703942 714207 695754 761557 937740 888831 667599
374027 490104 457697 327335 504000 441868 521130 469298 424036 374504 483425 455820 644522 513242 450500
547048 399810 668161 422648 470081 510971 681092 618297 583599 487721 585849 578736 591390 647408 548131
578026 460775 790600 500013 517021 658048 600933 571171 640341 552399 700012 663309 796501 720155 419719
400898 270337 503823 202528 359852 286182 355786 428833 337675 386809 327421 388553 426662 533290 314281
585970 556056 592997 428677 570274 533301 566403 588430 641742 582140 576628 656160 798850 652502 404910
536397 499440 716356 380030 471814 516452 574347 617670 546280 576668 624610 627121 619166 671291 406955
361650 208646 477956 377406 259702 311073 408186 405900 310540 317208 410582 353911 392959 505089 317398
570620 402301 656878 505023 510171 490774 579815 534818 616342 502896 580610 593516 776497 731263 473522
577725 473950 701966 318431 508278 531492 494842 526296 600169 543975 534026 627207 609197 673929 372173
463843 253819 579506 330992 324366 371788 386523 368041 432661 465961 437142 497945 439545 534910 263309
670840 484431 729959 416977 577176 522310 577707 546705 519730 569709 655446 685032 634052 698644 476655
