1133674 1292101 1322130 1125514 1338251 1075409 1273611 1259751 1308686 1302469 1169454 1173968 1098108 1193831 1258502 1175008 1448610 1145370 1112511 867417 1098800 1161570 1078262 1489989 1030292 1205226 1324104 1058406 1132433 1057750 1259494 1208464 1178609
1156970 1220387 1291757 1200726 1269062 1146679 1200935 1355470 1130734 1117424 1057498 1260884 1100976 1061332 1154500 1139615 1183403 1207478 1185160 775485 1241762 973942 919324 1396217 935289 1074901 1131028 971382 1331077 1096247 1240712 1115733 1129632
1329067 1725228 1415564 1366636 1546723 1412780 1448844 1503089 1440515 1191527 1328626 1499464 1253524 1407044 1669754 1360408 1684278 1344451 1421630 928501 1334969 1373860 1187351 1514474 1223195 1321338 1394762 1161093 1456820 1233250 1558493 1441075 1315832
1402434 1484410 1560512 1313578 1632604 1290631 1676783 1467905 1468153 1349699 1306143 1465700 1346023 1256154 1438996 1367328 1630576 1262804 1388365 986352 1233448 1293614 1278604 1723889 1168973 1523277 1629964 1175782 1423596 1145903 1481213 1360638 1460969
1038326 1169664 1231126 899883 1239107 1034017 1119244 1171951 1033376 1072222 1019262 1153613 955059 1116249 1197313 1099742 1366015 1012932 1115122 649917 949677 1097927 1010082 1329187 859685 1094709 1166682 1003418 1175956 1021818 1108434 1147582 1021422
1184745 1520565 1352845 1172497 1400137 1414444 1277938 1314315 1268115 1202112 1116476 1386935 1056508 1273178 1545521 1239310 1498301 1132949 1234221 830666 1101674 1172065 1156235 1412449 1022669 1295349 1437718 1038078 1185685 1194875 1392328 1304829 1296441
1202903 1407068 1396570 1262194 1442263 1349038 1332093 1436174 1343250 1357576 1314046 1357035 1176684 1295919 1570109 1277572 1681350 1288053 1282958 900600 1262601 1257464 1196071 1634153 1181119 1370123 1424808 1297342 1282125 1189781 1461250 1488884 1204362
1330896 1381329 1464146 1277450 1537985 1323011 1297006 1220768 1503332 1408270 1269293 1471487 1223451 1331509 1483632 1351038 1631885 1285406 1294527 1031957 1204140 1313615 1170832 1601287 1118391 1561883 1576555 1088232 1256573 1201794 1552946 1281174 1494265
1112900 1488850 1322939 1038819 1206510 1195357 1179404 1041166 1282761 1082838 1190840 1347453 1012463 1201458 1311105 1073833 1520202 1004766 1184202 755011 1013966 1306962 1117645 1328506 984482 1205464 1254365 855933 1116424 989696 1172495 1169447 1125469
1407070 1517942 1759162 1425449 1477648 1368349 1583780 1464775 1550668 1527741 1398286 1594912 1351928 1412181 1629731 1468890 1709295 1279907 1486856 925739 1187103 1416779 1212332 1748830 1292037 1607784 1566822 1144545 1389186 1298343 1681809 1439121 1258424
1262719 1507995 1283183 1347259 1490564 1315560 1320666 1435181 1249112 1188655 1047368 1348268 1115862 1237890 1489522 1038223 1433674 1243903 1278094 940761 1240761 1078113 1243707 1431508 991003 1213225 1490183 1027441 1273289 1198295 1379132 1267238 1333050
1020387 1282509 1230143 1037190 1038291 1081865 1104106 1113412 1090417 1046555 1139511 1292602 1081204 1114624 1344514 1106517 1265738 1014866 1193917 918457 1085058 1140947 1036508 1446304 1091214 1274335 1262997 790185 1084730 994826 1230193 1229635 1155639
1311323 1536674 1494395 1505107 1406007 1476669 1423784 1504067 1336736 1258310 1295150 1436975 1247962 1321952 1735473 1363421 1575970 1278632 1325084 1037012 1424996 1222987 1127385 1550558 1221374 1550961 1414783 1248680 1380971 1278292 1565461 1482467 1373160
1046276 1229199 1121827 1143410 1191413 1111243 1317659 1190600 1135210 1007012 974087 1153592 963240 1118666 1213749 932745 1172522 1046542 1036893 785864 1056395 1098308 1090267 1256081 976764 1195345 1262384 784227 1114640 1076720 1204458 1245083 1150791
1460310 1747363 1694946 1496144 1766852 1522744 1556135 1472899 1442920 1485104 1458165 1638637 1499781 1614229 1855986 1647306 1826794 1370983 1585018 1042146 1564681 1582607 1233035 1827208 1255154 1685150 1704842 1399189 1623187 1380822 1809626 1524639 1525520
1450184 1662331 1671362 1517861 1500009 1492960 1407407 1428359 1563676 1439212 1378716 1447876 1381646 1411944 1630857 1399057 1651922 1248484 1354019 1091404 1322432 1374857 1211575 1574330 1221651 1536227 1538153 1244420 1354810 1277535 1545818 1506913 1477532
1627860 1893649 1749913 1444509 1883038 1609345 1695480 1696601 1573027 1619885 1423265 1615519 1499342 1562783 1839020 1577914 1966688 1374001 1685896 1264100 1582910 1535993 1467302 1819813 1336758 1800688 1830734 1462083 1601426 1428084 1800349 1709862 1622795
1447845 1629490 1679333 1553419 1696238 1546631 1514839 1525147 1516350 1420451 1399729 1536672 1386917 1483038 1721163 1467149 1820100 1453238 1504698 938667 1341728 1361313 1182139 1616195 1380143 1562443 1530742 1080358 1535798 1393828 1691984 1524733 1443651
1217182 1431082 1213474 1156033 1367531 1129341 1317173 1305754 1123982 977675 1047265 1331697 1055415 1194056 1383163 1199442 1316211 1036954 1317950 938995 1131626 1202137 1050648 1387939 969305 1282302 1439289 931744 1365369 1119514 1236508 1183364 1222786
1081516 1275600 1320299 1171013 1224984 1011872 1182189 1061227 1138893 1067023 1124071 1289464 1049649 1207059 1338938 1073820 1327707 1020479 1160677 768841 1023397 1155574 1003808 1329051 974513 1202963 1276640 784891 1197753 1077281 1185596 1121474 1058047
1301364 1395140 1382373 1300174 1440037 1290701 1232929 1303384 1309746 1271956 1012999 1280534 1163941 994982 1326754 1167545 1494577 1378680 1235666 946724 1261089 889150 1153351 1398988 996126 1222068 1376092 1035081 1178129 1218210 1331065 1166966 1097249
1194103 1355069 1356551 1250521 1442371 1227120 1250895 1315711 1306735 1331536 1147639 1232786 1164965 1302640 1522641 1260645 1506375 1195016 1232872 887681 1335181 1253730 1130272 1586273 1033895 1390289 1265192 1124789 1326702 1228488 1471646 1283528 1370911
1563270 1802672 1776140 1509563 1803366 1648003 1697746 1732949 1649269 1578167 1558277 1786439 1546237 1543586 1803748 1581004 1958610 1512271 1598179 1098389 1453660 1507365 1469207 1962721 1464822 1681489 1793107 1320532 1596252 1484742 1857191 1587381 1648298
1451070 1695809 1649750 1552880 1656019 1501031 1533709 1486820 1607381 1420107 1378309 1449630 1452629 1416480 1713682 1490368 1681523 1406628 1510765 1070598 1407849 1505830 1292826 1783285 1400273 1617504 1568981 1233971 1505985 1320816 1667499 1541225 1655372
1185076 1273860 1216987 1160261 1542398 1080802 1338032 1325974 1122160 1112620 1139847 1330791 1111716 1308226 1386433 1079608 1430258 1059515 1263575 813246 1075946 1180429 1199661 1396936 1015177 1218263 1535132 1056647 1327021 1150776 1350190 1251702 1160050
1239600 1316648 1476370 1407235 1483745 1326230 1318806 1420637 1395612 1264931 1145938 1422598 1232645 1201966 1540401 1264830 1547151 1360460 1291170 891844 1325808 1119335 1171732 1604318 1188664 1388398 1402029 999677 1382364 1323507 1470308 1258548 1335448
1184756 1467861 1443433 1340774 1476971 1344399 1432750 1457713 1348751 1275357 1087840 1437990 1100857 1312346 1550851 1210258 1508307 1158784 1204110 855637 1186240 1176712 1150469 1494463 1050704 1233117 1416561 962682 1333079 1242454 1375688 1305310 1272357
1462488 1639368 1577104 1389496 1639095 1506112 1297813 1489731 1400795 1450580 1473950 1563724 1323120 1449932 1567522 1292571 1720921 1472368 1476331 1140713 1505012 1316948 1321592 1685215 1265904 1539671 1617014 1256025 1459237 1322921 1500540 1531413 1530839
1591369 1795308 1605276 1425786 1802501 1471587 1533271 1500240 1626471 1508744 1602182 1723715 1456553 1701941 1745551 1701182 1878729 1523610 1601987 1278156 1504347 1636113 1389177 1759370 1387815 1654683 1768053 1318681 1640624 1503925 1707511 1734779 1519915
1405761 1518468 1596849 1585188 1607664 1477122 1453226 1584844 1412198 1450902 1355918 1425880 1384334 1280221 1521199 1334461 1617866 1407939 1391488 1072563 1440597 1127369 1164138 1629705 1257154 1435434 1581538 1211106 1479386 1302769 1517831 1386768 1493922
1410027 1591663 1395244 1145961 1528778 1294585 1466910 1426613 1299123 1355524 1273663 1455434 1196788 1369757 1551399 1476993 1605301 1278024 1364672 978046 1309891 1230153 1267968 1578585 1096867 1482494 1341570 1193137 1316967 1204036 1532413 1453581 1311172
1292171 1199628 1169403 1226372 1395320 1175868 1157121 1335242 1230432 1054536 1183824 1237806 1104480 1204128 1347766 1139118 1380262 1178006 1174290 1049886 1103467 1024092 1090473 1293700 1207361 1289284 1331150 1082511 1076921 1091444 1334382 1475521 1215596
1128246 1268378 1122453 969755 1310065 1083336 1333104 1105989 1012442 1173120 1178469 1244556 1024291 1070545 1246343 1066251 1384331 1009503 1143749 903591 1145337 1120215 1168993 1432827 824784 1409597 1443613 1153476 1203991 983229 1264538 1209958 1200528
