32 32
+319 +294 +287 +304 +38 +312 +160 +14 +354 +288 +205 +324 +317 +262 +61 +41 +389 +302 +299 +131 +122 +77 +252 +172 +155 +121 +117 +235 +293 +264 +362 +182
+243 +74 +391 +198 +231 +294 +101 +287 +247 +119 +334 +146 +160 +370 +395 +99 +399 +94 +358 +386 +257 +272 +133 +239 +270 +277 +287 +254 +243 +41 +232 +363
+290 +26 +93 +397 +245 +267 +204 +397  +0 +213 +48 +134 +168 +373 +301 +394 +329 +197 +54 +50 +201 +292 +88 +271 +74 +31 +190 +32 +345 +260 +326 +70
+56 +128 +354 +357 +19 +272 +188 +390 +332 +236 +195 +243 +178 +351 +372 +225 +50 +252 +208 +323 +28 +169 +243 +30 +15 +126 +216  +6 +144 +316 +345 +379
+306 +276 +166 +384 +289 +87 +365 +36 +290 +301 +76 +114 +337 +203 +336 +234 +227 +41 +329 +390 +204 +256 +370 +13 +277 +18 +361 +20 +125 +383 +359 +305
+298 +270 +100 +167 +84 +116 +14 +114 +84 +296 +101 +165 +14 +106  +8 +269 +269 +285 +224 +161 +142 +104 +393 +341 +211 +392 +149 +198 +44 +118 +312 +104
+102 +142 +194 +248 +179 +11 +240 +290 +298 +132 +141 +359 +389 +286 +141 +165 +39 +63 +125 +287 +202 +74 +259 +339 +379 +133 +396 +262 +271  +8 +388 +363
+157 +220 +17 +117 +125 +334 +195 +363 +248 +20 +74 +34 +317 +146 +253 +391 +362 +136 +275 +331 +144 +179 +321 +312 +318 +19 +338 +305 +69 +154 +64 +200
+348 +163 +49 +169 +326 +170 +253 +66 +318 +377 +16 +226 +215 +197 +385 +324 +150 +242 +360 +69 +127 +398 +220 +355 +181 +79 +354 +346 +105 +90 +139 +308
+200 +75 +199 +279 +160 +224 +325 +36 +153 +300 +133 +128 +23 +139 +286 +44 +108 +397 +81 +69 +290 +223 +358 +219 +110 +268  +6 +179 +57 +164 +266 +225
+210  +8 +38 +261 +109 +46 +395 +56 +211 +181 +88 +119 +219 +380 +151 +189 +135 +154 +233 +298 +134 +159 +273 +40 +360 +396 +190 +331 +69 +160 +332 +252
+185 +304 +260 +380 +175 +94 +67 +35 +348 +94 +310 +113 +176 +335 +286 +133 +11 +267 +46 +277 +202 +363 +146 +360 +289 +389 +333 +129 +383 +126 +354 +48
+355 +303 +269 +35 +205 +168 +41 +121 +22 +279 +284 +202 +352 +75 +284 +175  +2 +322 +60 +357 +118 +273 +371 +233 +166 +202 +129 +386 +78 +91 +302 +121
+36 +108 +20 +117 +25 +120 +254 +25 +139 +157 +330 +23 +266 +376 +248 +391 +170 +291 +220 +126 +215 +195 +53 +121 +183 +382 +79 +96 +131 +171 +276 +116
+31 +25 +383 +98 +220 +314 +156 +335 +340 +72 +45 +305 +262 +385 +45  +0 +10 +282 +51 +202 +349 +204 +291 +261 +245 +375 +382 +171 +378 +219 +25 +100
+189 +119 +244 +55 +89 +102  +8 +34 +129 +390 +241 +392 +97 +346 +229 +130 +61 +265 +347 +77 +309 +186 +84 +245 +144 +120 +66 +208 +47 +225 +99 +327
+25 +140 +252 +100 +242 +68 +125 +228 +289 +144 +69 +90 +59 +43 +119 +35 +391 +388 +242 +180 +168 +55 +254 +189 +10 +216 +176 +193 +230 +275 +142 +28
 +7 +247 +223 +298 +108 +198 +149  +6 +12 +364 +257 +117 +376 +392 +368 +284 +68 +108 +176 +348 +162 +283 +203 +348 +67 +379 +126 +173 +362  +6 +158 +280
+388 +251 +110 +152 +94 +208 +168 +42 +338 +84 +188 +87 +338 +155 +372 +210 +58 +67 +82 +186 +342 +250  +4 +204 +317 +154 +245 +136 +355 +274 +385 +84
+284 +395 +108 +331 +317 +334 +287 +99 +267 +326 +245 +257 +234 +262 +283 +165 +63 +183 +148 +86 +211 +305 +265 +23 +144  +3 +70 +353 +179 +122 +74 +103
+199 +216 +266 +253 +62 +145 +86 +150 +313 +139 +307 +242 +290 +38 +158 +233 +127 +110 +228 +96 +130 +365 +290 +239 +340 +391 +48 +276 +277 +227 +294 +128
+322 +314 +320 +85 +128 +250 +67  +8 +315 +223 +79 +376 +21 +83 +293 +217 +116 +161 +366 +236 +13 +350 +395 +193 +48 +308 +48 +187 +36 +330 +10 +27
+394 +237 +37 +30 +340 +145 +89 +81 +360 +50 +323 +83 +223 +121 +268 +139 +286 +36 +369 +106 +374 +55 +379 +75 +355 +98 +352 +44 +277 +167 +119 +231
+387 +41 +131 +313 +232 +108 +65 +88 +229 +212 +12 +193 +137 +348 +380 +329 +396 +387 +201  +4 +176 +368 +238 +119 +240  +3 +209 +375 +65 +45 +23 +260
+262 +33 +77 +160 +160 +117 +347 +349 +73 +398 +140 +258 +107 +82 +342 +14 +357 +21 +72 +22 +303 +44 +215 +384 +55 +213 +232 +120 +357 +115 +144 +279
+194 +236 +13 +388 +303 +18 +246 +349 +61 +334 +25 +251 +361 +81 +106 +175 +173 +272 +308 +325 +74 +179 +32 +283 +280 +352 +115 +99 +283 +77 +324 +165
+190 +85 +238 +12 +12 +147 +136 +152 +279  +2  +3 +270 +329 +185 +395  +6 +94 +45 +331 +299 +140 +253 +133 +43 +235 +322 +18 +128 +214 +85 +201 +212
+242 +41 +321 +212 +281 +119 +344 +75 +314 +161 +261 +354 +38 +263 +378 +359 +59 +123 +308 +359 +104 +54 +89 +356 +48 +158 +108 +170 +141 +215 +156 +326
+274 +25 +55 +48 +358 +126 +187 +296 +88 +14 +25 +201  +4 +208 +194 +98 +190 +45 +147 +190 +168 +269 +17 +195 +318 +241 +74 +41 +127 +246 +379 +77
+20 +38 +385 +123 +314 +106 +140 +70 +306 +151 +43 +283 +309 +78 +28 +319 +187 +15 +188 +175 +29 +51 +149 +335 +35 +381 +160 +346 +391 +13 +122 +159
+62  +8 +254 +272 +52 +328 +160 +122 +297 +289 +25 +110 +186 +28 +123 +362 +114 +307 +50 +282  +2 +159 +258 +139 +51 +244 +12 +115 +110 +119 +296 +313
+175 +251 +275 +264 +60 +199 +165 +53 +78 +266 +204 +370 +47 +115 +119 +89 +194 +193 +237 +391 +83 +388 +245 +91 +67 +189 +186 +227 +381 +74 +233 +332
