50 50
+219 +307 +247 +212 +202 +221 +208 +226 +122 +54 +323 +323 +110 +378 +397 +302 +293 +300 +201 +48 +353 +24 +112 +238 +20 +383 +152 +76  +1 +366 +95 +291 +96 +362 +348 +187 +32 +230 +340 +159 +258 +366 +287 +101 +14 +389 +221 +371 +64 +285
+397 +186 +31 +369 +395 +148 +316 +153 +38 +133 +100 +319 +80 +191 +107 +366 +13 +381 +372 +393 +225 +78 +123 +183 +86 +286 +328 +131 +289 +176 +326 +117 +120 +15 +25 +339 +252 +391 +19 +186 +178 +194 +270 +294 +158 +363 +194 +23 +174 +186
+224 +215 +152 +207 +373 +27 +90 +366 +250 +350 +183 +246 +35 +118 +59 +394 +294 +369 +219 +214 +247 +119 +36 +159 +192 +223 +262 +240 +39 +288 +70 +263 +386 +154 +84 +313 +21 +331 +324 +176 +250 +75 +286 +216 +144 +398 +65 +26 +74 +304
+16 +194 +164 +164 +157 +128 +56 +75 +16 +237 +126 +121 +321 +223 +36 +228 +281 +325 +355 +351 +158 +332 +171 +355 +46 +327 +158 +239 +289 +278 +123 +359 +350 +136  +5 +53 +131 +108 +226 +94 +133 +226  +9 +136 +368 +358 +295 +267 +177 +226
+214 +70 +31 +214 +191 +71 +70 +333 +67 +155 +145 +265 +176 +299 +267 +381 +196 +313 +378 +160 +346 +376 +111 +270 +201 +224 +190 +95 +90 +12 +138 +122 +82 +26 +75 +312 +395 +337 +156 +33 +156 +321 +151 +203 +320 +394 +64 +282 +23 +13
+18 +20 +180 +97 +147 +292 +158 +316 +218 +52 +44 +274 +318 +101 +374 +22 +112 +70 +259 +275 +208 +132 +131 +381 +283 +199 +18 +244 +206 +162 +200 +92 +251 +195 +317 +39 +210 +286 +101 +88 +381 +277 +128 +169 +286 +368 +126 +273 +288 +319
 +2 +357 +344 +293 +37 +190  +1 +24 +102 +355 +215 +88 +44 +43 +148 +391 +29 +221 +257 +44 +174 +356 +236 +377 +39 +234 +333 +260 +389  +7 +214 +133 +288 +194 +181 +252 +170 +333 +27 +179 +391 +325  +6 +10 +51 +272 +20 +332 +314 +195
+324 +96 +358 +236 +72 +115 +90 +160 +205 +60 +207 +135 +299 +172 +111 +322 +19 +362 +176 +61 +91 +316 +102 +244 +156 +122 +303 +262 +378 +391 +170 +211 +308 +236 +140 +178 +239  +0 +38 +149 +291 +368 +303 +230 +74 +206 +291 +40 +189 +384
+362 +313 +333 +197 +279 +262 +21 +118 +291 +39 +378 +64 +242 +273 +282 +141 +242 +224 +88 +79 +366 +201 +77 +348 +191 +61 +306 +42 +396 +381 +154 +138 +156 +220 +45 +37 +369 +51 +350 +316 +349 +74 +330 +390 +60 +157 +254 +146 +18 +219
+222 +287 +255 +127 +221 +53 +330 +370 +368 +219 +199 +132 +39 +232 +298 +142 +62 +255 +359 +92 +295 +359 +178 +83  +8 +387 +340 +174 +150  +1 +369 +161 +79 +161 +182 +351 +248 +84 +352 +83 +326 +156 +280 +161 +168 +116 +182 +251 +267 +109
+87 +140 +148 +26 +117 +160 +326 +214 +229 +204 +261 +196 +19 +369 +70 +126 +84 +241 +236 +57 +349 +10 +367 +296 +165 +337 +265  +0 +335 +188 +77 +101 +203 +127 +121 +49 +313 +350 +193 +154 +91 +391 +199 +287 +291 +342 +304 +94 +376 +30
+63 +281 +49 +212 +76 +48 +129 +133 +197 +358 +267 +175 +144 +256 +289 +205 +110 +143 +269 +124  +6 +92 +175 +98 +262 +277 +129 +90 +204 +27 +21 +130 +375 +189 +339 +363 +177 +323 +305 +223 +38 +197 +230 +310 +230 +236 +126 +221 +58 +316
+236 +308 +263 +233 +278 +282 +161 +301 +381 +227 +16 +50 +275 +304 +220 +71 +107 +392 +305 +313 +209 +80 +157 +277 +327 +226 +275 +34 +238 +247 +42 +226 +58 +331 +304 +34 +304 +363 +395 +295 +318 +252 +109 +233 +90 +359 +177 +326 +21 +357
+320 +369 +318 +82 +193 +326 +391 +190 +19  +0 +56 +367 +76 +365  +4 +193 +63 +231 +94 +98 +21 +259 +123 +58  +2 +274 +395 +274 +187 +216 +233 +240 +260 +351 +387 +151 +30 +130 +127 +101 +152 +269 +193 +325 +114 +334  +4 +99 +75 +77
 +1 +319 +190 +329 +31 +211 +284 +271 +279  +9 +27 +245 +248 +197 +13 +66 +399 +226 +147 +106 +69 +345 +116 +300 +333 +106 +65 +256 +222 +343 +256 +156 +259 +74 +316  +6 +323 +174 +117 +371 +11 +382 +243 +341 +134 +172 +300 +34 +206 +205
+343 +199 +192 +34 +231 +149 +310 +206 +276 +160 +178 +307 +235 +31 +397 +270 +124 +193 +282 +13 +47 +21 +161 +295 +73 +198 +254 +182 +38 +297 +183 +332 +364 +303 +64 +343 +76 +239 +358 +372 +385 +349 +233 +64 +318 +211 +168 +196 +233 +383
+344 +20 +266 +258 +183 +329 +170 +60 +397 +117 +217 +268 +321 +234 +33 +381 +123 +190 +53 +38 +317 +398 +20 +381 +47 +219 +368 +172 +246 +123 +331 +159 +325 +268 +112 +77 +141 +232 +50 +19 +365 +110 +390 +87 +205 +256 +363 +370 +290 +57
+26 +25 +20 +292 +96 +177 +84 +165 +221 +284 +285 +24 +268 +95 +359 +178 +282 +52 +35 +213 +201 +328 +226 +169 +145 +113 +376 +325 +345 +302 +392 +395 +207 +18 +382 +299 +81 +396 +15 +299 +140 +194 +320 +271 +368 +287 +258 +57 +115 +87
+389 +240 +135 +167 +286 +49 +377 +128 +225 +397 +259 +33 +112 +60 +61 +310 +229 +82 +360 +307 +173 +96 +245 +311 +49 +225 +333 +12 +276 +331 +254 +177 +99 +33 +189 +198 +355 +256 +175 +297 +377 +359 +132 +93 +375 +108 +217 +104 +370 +162
+294 +224 +217 +369 +17 +320 +394 +23 +349 +145 +199 +278 +219 +28 +246 +87 +369 +305 +30 +382 +132 +307 +182 +23 +391 +129 +180 +69 +160 +355 +74 +128 +399 +292 +167 +55 +262 +307 +48 +182 +195 +248 +85 +21 +112 +259 +49 +135 +140 +312
+245 +360 +245 +67 +187 +336 +66 +342 +222 +218 +368 +41 +281 +221 +265 +303 +100 +249 +110 +285 +277 +313 +249 +104 +151 +35 +264 +389 +93 +32 +122 +226 +228 +155 +235 +187 +213 +205  +4 +244 +192 +51 +327 +70 +316 +136 +98 +103 +259 +276
+137 +325 +256 +222 +272 +268 +363 +263 +384 +239 +188 +171 +139 +122 +269 +102 +192 +66 +15 +194 +387 +334 +58 +238 +336 +239 +133 +213 +84 +265 +34 +30 +194 +315 +72 +218 +245 +264 +383 +169 +121 +362 +230 +196 +386 +183 +371 +43 +242 +260
+119 +114 +324 +250 +342 +374 +104 +84 +40 +150 +319 +249 +314 +258 +346 +57 +229 +255 +287 +13 +47 +123 +291 +280 +282 +318 +150 +11 +15 +141 +80 +208 +394 +23 +298  +8 +366 +364 +151 +68 +317 +151 +82 +108 +32 +299 +177 +163 +95 +93
+318 +113 +122 +365 +180 +92 +241 +218 +399 +288 +106 +170 +183 +116 +41 +100 +384 +156 +387 +35 +345 +149 +399 +149 +380  +0 +164 +202 +186 +216 +359 +154 +301  +8 +38 +385 +60 +260 +175 +64 +357 +153 +302 +139 +352 +336 +236 +320 +311 +51
+308 +82 +305 +180 +350 +303 +157 +106 +249 +385 +264 +291 +26 +79 +269 +385 +194 +107 +126 +123 +269 +345 +367 +26 +141 +226 +171 +224 +287 +10 +253 +382 +356 +51 +10 +216 +307 +384 +304 +41 +298 +234 +363 +97 +273 +239 +25 +121 +208 +114
+260 +22 +88 +184 +392 +138 +369  +5 +385 +266 +35 +53 +227 +57 +245 +75 +22 +365 +110 +267 +176 +107 +92 +337 +352 +279 +63 +252 +26 +339 +67 +22 +236 +236 +226 +398 +387 +320 +135 +123 +241 +341 +222 +240 +117 +200 +300 +79 +266  +0
+381 +376 +278 +325 +120 +284 +217 +137 +134 +317 +390 +393 +127 +189 +78  +7 +260 +193 +356 +272 +342 +235 +114 +91  +3 +26 +362 +216 +25 +175 +316 +274 +56 +86 +290 +250  +2 +247 +226 +226 +268 +292 +47 +178 +258 +60 +132 +269 +69 +89
+80 +163 +131 +137 +226 +354 +114 +131 +51 +304 +393 +240 +358 +242 +314 +132 +367 +127 +49 +345 +222 +76 +368 +253 +277 +314 +116 +387 +155 +223 +238 +176  +5 +37 +27 +73 +193 +73 +132 +284 +100 +97 +317 +198 +143 +147 +128 +209 +283 +42
+151 +114 +385 +134 +271 +45 +214 +134 +133 +34 +362 +66 +386 +294 +277 +66 +160 +330 +78 +208 +196 +337 +106 +353 +197 +307 +368 +339  +5 +397 +393 +38 +247 +144 +154 +226 +176 +210 +331  +8 +66  +0 +120 +382 +359 +387 +308 +212 +65 +281
+28 +16 +93 +188 +278 +149 +312 +65 +277 +89 +285 +99 +374 +31 +338  +5 +276 +392 +267 +110 +147 +11 +252 +107  +9 +121 +238 +23 +288 +202 +367 +119 +127 +32 +129 +195 +162  +2 +207 +127 +11 +291 +98 +309 +304 +390 +116 +56 +64 +101
+158 +24 +158 +344 +396 +86 +233 +366 +365 +145 +334 +314 +133 +75 +367 +86 +165 +223 +304 +325 +117 +28 +151 +236 +185 +15 +199 +212 +346 +52 +356 +160 +160 +190 +380 +22 +338 +378 +265 +285 +31 +131 +92 +186 +383 +72 +212 +80 +264 +311
+251 +178 +25 +393 +347 +341 +91 +78 +369 +35 +117 +262 +330 +382 +92 +90 +34 +102 +13 +29 +230 +190 +181 +17 +20 +291 +207 +378 +324 +289 +257 +133 +227 +55 +44 +222 +54 +328 +154 +194 +136 +262 +336 +265 +298 +361 +271 +102 +23 +233
+13 +263 +23  +4 +70 +122 +266 +261 +269 +83 +128 +381 +209 +217 +28 +385 +261 +102 +260 +141 +204 +177 +85 +38 +221 +311 +292 +188 +327 +305 +67 +347 +63 +284 +379 +248 +200 +146 +10 +316 +385 +154 +187 +106 +275 +47 +56 +41 +229 +343
+356 +228 +70 +303 +324 +337 +343 +74 +285 +16  +6 +133 +123 +197 +73 +116 +209 +97 +69 +23 +291  +1 +59 +45 +145 +158 +269 +55 +316 +208 +71  +6 +119 +384 +256 +389 +128 +365 +35 +197 +208 +287 +364 +111 +348 +158 +25 +122 +314 +298
+146 +317 +335 +116 +330 +241 +195 +78 +286 +88 +92 +397 +32 +377 +386 +186 +71 +102 +116 +332 +160 +336 +162 +49 +105 +119 +180 +128 +335 +100 +377 +209 +364 +397 +289 +140 +169 +358 +313 +130 +242 +234 +312 +310 +281 +200 +117 +145 +280 +371
+73 +346 +14 +193 +69 +106 +44 +340 +178 +46 +105 +151 +127 +303 +347 +377 +65 +396 +271 +39 +127 +137 +37 +256 +197 +191 +262 +278 +58 +158 +110 +118 +237 +190 +318 +217 +268 +238 +15 +191 +256 +367  +6 +114 +300 +140 +120 +242 +124 +384
+190 +290 +37 +323 +237 +48 +141 +182 +252 +116 +33 +205 +391 +191 +316 +296 +222 +266 +165 +332 +316 +364 +192 +395 +263 +266 +112 +95 +388 +292 +193 +219 +198 +95 +130 +304 +36 +121 +300 +44 +231 +257 +373 +233 +391 +274 +376 +193 +350 +37
+260 +244 +16 +181 +368 +120 +339  +2 +244 +383 +280 +361 +90 +308 +15 +93 +98 +245 +197 +398 +200 +157 +234 +114 +340 +228 +60 +131 +68 +173 +246 +189 +164 +342 +381  +0 +139 +231 +102 +254 +332 +274 +227 +111 +93 +180 +60 +89 +52 +374
+83 +139 +178 +90 +156 +392 +110 +146 +263 +394 +325 +123 +211 +36 +170 +382 +268 +321 +248 +89  +1 +141 +372 +191 +160 +350  +3 +234 +199 +22 +300 +90 +311 +215 +118 +315 +317 +330 +230 +158 +154 +223 +315 +235 +197 +368 +386 +149 +115  +2
+133 +198 +83  +6 +279 +382 +170 +164  +6 +320 +150 +113 +215 +88 +350 +392 +170 +246 +94 +87 +248 +389 +137 +198 +333 +148 +281 +133 +353 +379 +311 +88 +365 +95 +215 +337 +97 +218 +361 +383 +301 +116 +316 +239 +151 +338 +347 +93 +166 +24
+26 +207 +280 +132 +315 +298 +13 +377 +154 +193 +69 +48 +29 +56 +205 +328  +6 +370 +204 +104 +272 +83 +179 +175 +155 +215 +227 +372 +27 +103 +342 +60 +74 +175 +13 +78 +134 +162 +158 +166 +105 +134 +214 +185 +229 +322 +223 +158 +55 +279
+238 +229 +143 +108 +30 +308 +294  +3 +232 +25  +3 +265 +365 +77 +362 +118 +389 +270 +189 +123 +171  +7 +172 +327 +256 +175 +364 +395 +355 +275 +309 +59 +169 +385 +323 +261 +136 +319 +226 +122 +193 +28 +263 +214 +204 +317 +80 +111 +98 +134
+150 +369 +261 +390 +159 +179 +141 +69 +107 +389 +197 +69 +392 +255 +328 +103 +87 +262 +171 +159 +361 +390 +130 +136 +375 +250 +52 +176 +386 +265 +55 +311 +304 +145 +363 +167 +62 +213 +310 +249 +56 +223 +31 +293 +70 +330 +13 +217 +27 +394
+257 +212 +29 +177 +345 +179 +289 +192 +302 +367 +36 +140 +24 +101 +97 +176 +311 +353 +308 +344 +36 +248 +337 +323 +148 +267 +84 +396 +210 +29 +238 +363 +114 +232 +327 +107 +54 +122 +99 +167 +240 +116 +388 +203 +269 +26 +374 +189 +112 +208
+372 +131 +114 +269 +92 +364 +207 +331 +392 +116 +312 +49 +259 +50 +98 +336 +84 +385 +118 +57 +243 +46 +362 +222 +179 +221 +281 +373 +109 +30 +316 +56 +106 +325 +183 +327 +299 +156 +138 +288 +272 +117 +359 +102 +154 +132 +19 +161 +93 +259
+215 +256 +314 +223 +104 +138 +197 +86 +275 +249 +196 +241 +303 +132 +308 +39 +135 +50 +330 +111 +157 +189 +168 +107 +390 +354 +203 +36 +141 +353 +372 +295 +144 +215 +357 +69 +221 +30 +38 +89 +80 +78 +176 +164  +0  +2 +168 +369 +219 +143
+216 +280 +24 +333 +242 +316 +319  +7 +233 +93 +167 +317 +383 +259 +375 +396 +160 +141 +196 +370 +238 +107 +101 +357 +349 +190 +152 +397 +44 +152 +34 +385 +14 +153 +386 +161 +281 +160 +295 +114 +216 +251 +175 +179 +75 +160 +152 +113 +240 +381
+96 +280 +362 +277 +125 +346 +293 +266  +3 +374 +72 +168 +304 +135  +3 +70 +394 +170  +2  +2 +140 +282 +187 +56 +81 +182 +75 +29 +282 +384 +330 +82 +387 +34 +380  +1  +7 +220 +41 +35 +172 +114  +8 +275 +79 +193 +304 +288 +127 +39
+144 +218 +71 +382 +353 +127 +243 +21 +55 +326 +24 +221 +238 +354 +252 +71 +273 +236 +358 +239  +7 +62 +223 +99 +254 +334 +392 +344 +133  +2 +258 +87 +276 +350 +377 +219 +269 +304 +127 +150 +248 +93  +1 +103 +45 +165 +399 +171 +163 +183
+24 +224 +20 +127 +185 +359 +257 +339 +356 +54 +316 +340 +83 +123 +44 +120 +196 +209 +361  +9 +171 +73  +4 +231 +313 +118 +292 +88 +271 +373 +197 +51 +261 +37 +54 +185 +230 +181 +160 +241 +278 +82 +233 +131 +31 +151 +208 +61 +28 +72
