385776 506170 612225 530758 513913 368157 645614 400238 244764 419366 395522
287266 478051 593653 462743 593438 340798 552024 398273 406171 461002 426191
356565 553943 619782 472346 594447 391807 681444 420948 390710 553047 539559
382945 594942 584738 588530 660062 546805 685683 494061 460330 553416 550537
282201 420007 476538 504871 532788 363972 533579 408116 302007 471607 404936
379428 496406 613331 547261 598818 363169 669905 400365 306721 431819 391394
460285 643196 721789 703143 717616 484104 806544 520102 450569 645871 579854
314715 420718 478037 430979 583958 351088 538334 297245 326563 399574 450525
321493 543364 540830 592005 544215 387166 651859 494863 327488 465163 425283
252322 397962 412489 392043 468893 345841 421553 296709 335123 423836 450822
215679 371807 372445 372782 462063 332100 412351 341771 349450 362937 390686
