27 27
+185 +182 +145 +37 +11  +8 +201 +161 +49 +289  +3 +251 +32 +276 +148 +86 +257 +82 +273 +241 +359 +171 +228 +15 +87 +208 +357
+227 +35 +118 +248 +316 +333 +393 +369 +75 +104 +382 +238  +5 +65 +292 +212 +106 +267 +98 +325 +57 +13 +80 +43 +24 +181 +124
+117 +266 +67  +3 +209 +335 +257 +334 +100 +80 +336 +190 +191 +377 +56 +302 +270 +388 +337 +53 +96 +306 +40 +26 +253 +351 +218
+391 +248 +122 +248 +378 +176 +97 +85 +232 +150 +37 +288 +109 +93 +79 +84 +23 +27 +177 +101 +290 +269 +119 +42 +17  +5 +299
+398 +82 +12 +367 +237 +123 +153 +229 +395 +111 +351 +87 +271 +105 +50 +294 +77 +19 +193 +339 +344 +26 +166 +26 +210 +92 +227
+339 +162 +233 +14 +262 +331 +76 +25 +257 +41 +258 +275 +309 +295 +319 +343  +2 +314 +24 +275 +97 +338 +255 +62 +249 +74 +372
+129 +291 +353 +236 +78 +111 +24 +286 +265 +36 +399 +133 +74 +35 +139 +93 +179 +30 +201 +196 +62 +349 +186 +13 +240 +57 +249
+340 +294 +99 +266 +183 +202 +296 +43 +63  +3 +134 +22 +330 +109 +160 +191 +343 +178 +153 +357 +275 +208 +34  +9 +280 +208 +108
+293 +196 +27 +221 +174 +262 +266 +260 +390 +140 +156 +104 +350 +19 +149 +88 +250 +203 +260 +151 +246 +59 +251 +98 +193 +225  +7
+210 +221 +394 +149  +9 +281 +49 +198 +200 +200 +268 +112 +130 +17 +148 +185 +358 +20 +382 +152 +289 +281 +311 +334 +79 +350 +60
+114 +137 +368 +34 +136 +39 +321 +242 +145 +257 +44 +265 +91 +207 +40 +88 +324 +133 +127 +35 +115 +393 +11 +198 +352 +357 +136
+75 +253  +8 +263 +64 +127 +313 +307 +375 +59 +263 +351 +340 +167 +285 +334 +18 +336 +95 +229 +247 +120 +274 +143 +135 +134 +69
+84 +271 +327 +66 +287 +229 +145 +61  +5 +323 +155 +328 +327 +247 +311 +283 +153 +15 +78 +220 +58 +211 +221 +132 +383 +384  +6
+281 +360 +128 +59 +29 +107 +278 +361 +159 +288 +362 +159 +172 +372 +161 +395 +307 +286 +95 +251 +55 +114 +353 +23 +335 +19 +318
+339 +275 +172 +367 +331 +101 +241 +30 +265 +24 +83 +397 +47 +165 +303 +38 +305 +126 +16 +223 +369 +215 +42 +209 +258 +352 +144
+319 +174 +361 +15 +335 +211 +133 +44 +384  +4 +277 +164 +246 +127 +199 +291 +33 +160 +312 +35 +287 +111 +290 +360 +266  +8 +165
+360 +253 +330 +292 +278 +297 +184 +31 +266  +8 +167 +354 +38 +47 +307 +125 +183  +5 +306 +358 +359 +371 +107 +201 +337 +235 +151
+94 +99 +379 +154 +87 +64 +144 +16 +360 +178 +279 +257 +384 +70 +282 +131 +343 +87 +244 +63 +311 +261 +203 +23 +367  +0 +175
+100 +186 +78 +156 +336 +69 +250 +311 +158 +272 +188 +277 +181 +211 +298 +227 +180 +356 +49 +304 +285 +302 +204 +211 +97 +88 +227
+82 +397 +251 +338 +11 +128 +216 +350 +351 +108 +127 +118 +31 +168 +42 +301 +177 +23 +346 +238 +153 +100 +373 +78 +259 +332 +40
+214 +248 +329 +122 +379 +225 +148 +367 +135 +91 +378 +136 +141 +271 +312 +119 +305 +285 +310 +88 +387 +361 +273 +248 +313 +44 +15
+108 +168 +66 +144 +188 +383 +287 +330 +232 +93 +225 +316 +34 +380 +184 +248 +168 +169 +279 +146 +233 +231 +285 +30 +22 +187 +276
+240 +136 +109 +11 +160 +260 +320 +395 +112 +279 +62 +154 +337 +126 +341 +49  +3 +146 +110 +20 +355 +306 +26 +146 +204 +238 +108
+357 +236 +385 +152 +155 +93  +5 +373 +13 +174 +244 +293 +201 +43 +107 +206 +102 +277 +378 +271 +297 +151 +235 +265 +170 +308 +219
+231 +277 +338 +165 +359 +314 +237 +115 +322 +25 +96 +279 +116 +291 +367 +345 +45 +386 +40 +380 +158 +186 +385 +316 +349 +92 +245
+186 +210 +180 +277 +185 +34 +22 +304  +4 +43 +239 +140 +19 +203 +86 +143 +150 +337 +75 +211 +90  +9 +176 +316 +99 +185 +141
+223 +224  +9 +362 +169 +340 +353 +328 +15 +306 +172 +298 +302 +373 +25 +244 +29 +367 +283 +162 +175 +24 +149 +375 +289 +23 +339
