27 27
+341 +263 +97 +127 +379 +277 +185 +101 +140 +56 +152 +197 +250 +223 +199 +19 +393 +303 +219 +103 +375 +85 +135 +294 +391 +92 +117
+356 +143 +84 +14 +231 +206 +164 +66 +90 +319 +14 +227 +399 +75 +95 +226 +61 +303  +1 +343 +28 +111 +60 +392 +122 +274 +335
+40 +246 +135 +127 +217 +229 +47 +354 +72 +237 +291 +193 +21 +258 +128 +16 +245 +14 +235 +39 +175 +306 +270 +181 +142 +24 +316
+161 +251 +393 +334 +333 +369 +26 +53 +237 +188 +305 +198 +379 +381 +69 +186 +250 +343 +149 +146 +263 +275 +380 +30 +273 +351 +86
+91  +6 +220 +122 +276 +166 +390 +359 +365 +399 +227 +158 +355 +278 +311 +376 +387 +65 +107 +257 +337 +134 +212 +13 +10 +24 +202
+183 +17 +90 +355 +163 +42 +238 +376 +336 +307 +33 +216 +164 +336 +18 +196 +338 +397 +86 +229 +393 +287 +377 +264 +226 +161 +275
+268 +217 +134 +108 +65 +11 +267 +220 +58 +386 +182 +39 +127 +387 +220 +397 +87 +56  +1 +308 +392 +120 +263 +233 +185 +308 +397
+333 +386 +173 +299 +202 +289 +127 +273 +236 +295 +143 +109 +127 +149 +106 +317 +377 +352 +144 +320 +219 +145 +252 +283 +135 +238 +40
+117 +233 +148 +253 +126 +196 +141 +242 +175 +259 +177 +226 +331 +382 +316 +31  +4 +278 +109 +348 +190 +103 +319 +337 +53 +383 +312
+391 +309 +338 +70 +384 +135 +184 +301 +149 +196 +140 +203 +244 +332 +356 +301 +283 +40 +381 +120 +362 +202 +398 +209 +370 +138 +371
+245 +94 +305 +283 +299 +326 +302 +198 +93 +148 +307 +296 +27 +343 +100 +335 +72 +358 +273 +66 +176 +327 +178 +74 +51  +8 +117
+384 +158 +51 +302 +179 +258 +48 +43 +222 +199 +128 +41 +296 +222 +335 +35 +211 +200 +262 +321 +394 +197 +306 +15 +381 +136 +242
+295 +42 +105 +181 +30 +336 +143 +181 +221 +93 +39 +29 +183 +354 +51 +333 +375 +328  +5 +221 +52 +165 +233 +217 +351 +276 +144
+337 +24 +236 +189 +364 +279 +144 +235 +259  +2 +42 +264 +321  +7 +92 +252  +2 +277 +120 +11 +161 +137 +18 +28 +183 +382 +336
+156 +299 +288 +57 +212 +245 +178 +300 +242 +138 +201 +34 +96 +256 +200 +132 +48 +218 +134 +276 +88 +348 +265 +131 +99 +123 +257
+216 +120 +354 +170 +299 +276 +202 +142 +174 +310 +74 +153 +137 +267 +377 +297 +29  +5 +68 +334 +349 +117 +110 +115 +385 +240 +60
+287 +245 +225 +252 +350 +199 +11 +186 +99 +291 +357 +79 +281 +248 +63 +386 +289 +363 +11 +44 +208 +162 +293 +328 +311 +182 +358
+257 +56 +90 +82  +3 +122 +321 +393 +379 +390 +132 +119 +66 +71 +89 +159 +284 +150 +101 +344 +373 +232 +270 +28 +391 +39 +308
+157 +13 +199 +265 +85 +115 +261 +146  +7 +264 +384 +242 +268 +135 +48 +360 +144 +119 +230 +269 +146 +89 +392 +218 +240 +344 +41
+138 +209 +205 +380 +379 +37 +288 +205 +147 +193 +397 +47 +282 +85 +94 +285  +2 +366 +109 +217 +233 +295 +372 +395 +296 +358 +105
+83 +332 +78 +52 +388 +357 +61 +288 +26 +235 +124 +263 +151 +61 +329 +182 +11 +18 +257 +112 +217 +370 +146 +170 +68 +355 +236
+180 +82 +279 +310  +4 +242 +56 +115 +328 +279 +158 +175 +125 +384 +184 +57 +246 +25 +11 +177 +47 +57 +356 +318 +317 +245 +300
+52 +350 +79 +302 +105 +253 +130 +230 +331 +318 +376 +259 +377 +341 +68 +107 +327 +263 +235 +65 +325 +81 +96 +333 +49 +344 +249
+84 +332 +323 +128 +291 +242 +194 +355 +268 +20 +35 +342 +326 +399 +39 +253 +347 +227 +86 +18 +384 +363 +356 +108 +182 +59 +142
+269 +70 +80 +184 +305 +70 +15 +87 +366 +354 +275 +71 +34 +397 +27 +223 +234 +256 +95 +211 +309 +57 +250 +15 +365 +337 +307
 +7 +313 +358 +213 +65 +369 +350 +292 +255 +109 +146 +204 +171 +57 +335 +229 +238 +198 +167 +272 +363 +63 +196 +282 +361 +188 +143
+193 +116 +291 +398 +165 +334 +243 +355 +215 +285  +3 +233 +336 +151 +38 +228 +145 +199 +107 +398 +380 +61 +329 +11 +308 +117 +115
