685166 631293 570821 824430 726420 688524 811586 786704 636662 570045 645168 857201 627554 746364 806867 727473 772603 705705 751877
968729 754626 725481 1019569 915582 857035 1085550 983250 896891 676606 991537 1062716 760582 880441 983836 897227 1042157 852683 869076
925968 745632 645588 900607 812456 776319 1022782 926046 704118 567962 740171 1045713 735516 704915 865810 655418 794883 884483 873850
827904 828090 651810 862937 866570 739879 933107 937526 738282 551289 746842 962553 670294 834783 789041 677239 878296 876853 812111
885776 758534 636893 921296 879552 734159 967769 998972 772438 517161 675509 1061064 702155 705592 811281 730307 826010 879636 877024
734331 677624 504012 674466 747985 485505 755191 822565 609819 448037 608395 700414 465490 665431 567280 544107 704699 776635 662607
901481 588554 525706 728123 694069 742124 898304 818763 638198 466254 700180 758554 652818 581937 720765 592420 744707 750965 742168
876632 672079 642825 886193 924532 930015 1114095 951334 907331 646154 771910 1011362 754226 616157 886655 800882 891432 945644 911858
746058 710965 613974 735450 633431 603092 805808 700080 613244 500232 656879 716687 542432 699362 749021 668082 673298 760150 719584
1114668 947801 851108 1018807 956726 857096 1070183 1133793 856985 707294 884606 1106634 809520 982799 972079 900566 1066706 986553 956872
984715 907480 813684 1009971 940227 906393 1069400 1019924 872613 685137 758223 990560 758141 821988 959153 916049 954839 1017541 934644
978873 866456 682641 942495 961524 779713 1015724 1144109 775040 648785 744454 1027347 762455 888703 779884 695359 980505 913378 911047
908419 766902 747853 912449 865580 697983 966718 889116 870794 540026 770399 886665 628628 759423 810231 782587 855116 855561 824058
748811 637310 540149 877124 785280 696040 902293 876721 707992 506156 566306 851634 646103 618591 694516 622862 717741 847000 804614
901708 644112 510885 785913 756611 715051 934606 980021 703558 520975 685615 830971 660867 676427 616241 716501 812484 865688 822806
913652 772309 684823 988589 942249 889175 1104500 1033250 885775 692457 830362 1032265 765525 786237 898512 908168 950791 1020489 962676
497369 462750 368026 529208 520387 490996 644692 579841 477138 411204 513446 534969 479657 454670 466420 398964 564842 492493 525254
926727 679057 672074 875874 863057 684986 975902 863820 814167 551920 775119 850675 594357 712182 869895 696071 783364 814983 845942
956404 753243 622305 918799 924027 712416 950128 983108 719140 529580 800140 984235 657914 873002 862041 650751 925044 704864 842662
