31 31
+62 +71 +292 +114 +391 +152 +84 +65 +358 +357 +247 +139 +341 +391 +350 +46 +359 +59 +216 +295 +179 +217 +100 +307 +35 +14 +365 +372 +90  +3 +40
+122 +170 +370 +100 +201 +129 +203 +297 +65 +195 +146 +210 +166 +312 +63 +290 +33 +270 +332 +354 +315 +94 +161 +372 +338 +357 +121 +50 +384 +59 +353
+196 +330 +148 +330 +119 +369 +44 +23 +254 +376 +50 +165 +361 +355  +1 +97 +361 +279 +250 +274 +222 +331 +22 +378 +95 +292 +399 +382 +304 +343 +63
+55 +111 +60 +237 +392 +34 +252 +80 +319 +356 +191 +70 +229 +365 +152 +38 +294 +36 +126 +48 +207 +354 +344 +220 +83 +243 +48 +79 +76 +285 +298
+373 +32 +30 +150 +114 +129 +138 +363 +302 +137 +68 +375 +92 +161 +190 +205 +36 +123 +206  +1 +333 +336 +318 +170 +399 +265 +308 +385 +12 +58 +112
+160  +4 +177 +30 +283 +385 +324 +380 +364 +71 +65  +5 +111 +83 +168 +127 +393 +94 +234 +324 +187 +141 +18 +47 +199 +199 +396 +135 +130  +7 +281
+312 +328 +366 +97 +356 +295 +221 +48 +336 +17 +377 +243  +3 +163 +232 +284 +335 +217 +158 +181 +390 +291 +113 +379 +211 +144 +271 +127 +119 +81 +86
+157 +381 +180 +377 +253 +221 +49 +257 +51 +340 +91 +331 +81 +89 +379 +334 +94 +175 +211  +9 +13 +141 +380 +384 +238 +292 +131 +337 +329 +267 +389
+324 +273 +266 +233 +247 +220 +210 +196 +128 +382 +292  +5 +111 +205 +17 +177 +153 +306 +30 +245 +372 +357 +352 +38 +20 +242 +22 +203 +256 +207 +224
+307 +280 +190 +43 +195 +136 +24 +319 +358 +201 +277 +87 +311 +126 +105 +335 +115 +286 +303 +281 +121 +354 +321 +242 +38 +158 +384 +397 +260 +350 +276
+223 +73 +302 +327 +109 +339 +385 +352 +219 +295 +259 +123 +29 +213 +158 +341 +266 +58 +312 +257 +378 +243 +357 +348 +356 +62 +72 +246 +112 +267 +32
+347 +243 +222 +361 +347 +204 +260 +225 +322 +190 +283 +361 +144 +112 +191 +48 +186 +192 +302 +72 +194 +146 +164 +108 +14 +273 +90 +167 +256 +133 +99
+306 +159 +164 +127 +173 +322  +9 +14 +54 +126  +9  +8 +63 +106 +365 +301  +5 +373 +254 +115 +249 +35 +65 +41 +301 +221 +303 +238 +20 +342  +1
+232 +87 +223 +146 +340 +306 +157 +238 +338 +49 +182 +48 +104 +350 +244  +2 +379 +145 +250 +378 +14 +185 +103 +279 +263 +249 +273 +128 +11 +158 +393
+252 +334 +376 +188 +30 +196 +186 +106 +251 +173 +394 +40 +248 +337 +389 +276 +207 +78  +8 +285 +395 +169 +320 +260 +38 +24 +213 +164 +141 +267 +119
+242 +121 +28 +42 +171 +55 +170  +6 +168 +218 +15 +364 +104 +380 +229  +0 +16 +301 +71 +54 +132 +133 +264 +382 +143 +149 +280 +53 +300 +298 +122
+100 +85 +255 +226 +60 +96 +344 +160 +78  +6 +209  +1 +393 +253 +320  +9 +326 +271 +284 +228 +27 +298 +108 +107 +98 +45 +356 +359 +136 +67 +46
+121 +306 +246 +140 +327 +168 +247 +131 +73 +70 +119 +106 +326 +50 +319 +369 +50 +347 +88 +195 +199 +230  +2 +118 +79 +362 +318 +354 +254  +5 +219
+83 +153 +390 +175 +90 +329 +246  +8 +232 +312 +210 +69 +45 +181 +148 +273 +144 +128 +396 +251 +391 +93 +385 +102 +233  +7 +150 +223 +349 +343  +2
+323 +296 +159 +46 +247 +250 +322 +248 +394 +26 +288 +372 +46 +177 +57 +40 +363 +44 +383 +211 +179 +167 +214 +181 +167 +284 +125 +228 +226  +9 +216
+247 +281 +253 +339 +134 +301 +35 +364 +319 +203 +89 +92 +379 +13 +107 +249 +142 +366 +362 +193 +229 +204 +395 +170 +36 +262 +140 +353 +195 +195 +56
+250 +306 +146 +96 +329 +186 +343 +230 +180 +178 +366 +387 +366 +195 +135 +365 +263 +26 +70  +6 +33 +172 +387 +224 +163 +51 +294 +55 +155 +80 +135
+191 +49 +250 +285 +74 +46 +195 +361 +180 +194 +88 +203 +21 +182 +322 +62 +38 +362 +219 +130  +2  +6 +331  +3 +50 +28 +109 +138  +4 +353 +72
+108 +206  +0 +241 +218 +165 +369 +120 +196 +50 +344 +220 +181 +133  +4 +17 +348 +368 +360 +285 +322 +223 +369 +395 +196 +261 +150 +150 +267 +99 +175
+369 +49 +205 +263 +88 +296 +103 +287 +291 +275 +89 +359 +391 +184 +69 +297 +47 +177 +181 +228 +256 +306 +151 +353 +283 +307 +147 +45 +193 +200 +381
+288 +164 +391 +152 +39 +147 +395 +277 +260 +360 +348 +399 +169 +292 +324 +287 +230 +49 +256 +96 +287 +364 +141 +337 +383 +250 +371 +163 +23 +244 +140
+106 +344 +339 +224 +218 +98 +11 +85 +111 +301 +97 +316 +83 +220 +314 +188 +379 +372 +342 +278 +89 +155 +389 +285 +282 +338 +181 +60 +279 +269 +214
 +9 +261  +7 +76 +46 +193 +387 +341 +155 +48 +42 +125 +205 +197 +197 +389 +376 +229 +331 +24 +214 +279 +260 +205 +119 +362 +31 +341 +303 +267 +126
+104 +253 +215 +349 +42 +187 +392 +185 +45 +334 +174 +81  +8 +120 +317 +259 +399 +26 +97 +350 +363 +369 +215 +268 +335 +338 +54 +322 +193 +354 +191
+128 +139 +378 +89 +327 +176  +3 +166 +232 +10 +317 +295 +194 +118 +325 +216 +204 +316 +333 +297 +65 +324 +91 +33 +381 +288 +156 +257 +315 +204 +13
+28 +78 +170 +297 +345 +269 +78 +260 +94 +152 +278 +281 +351 +69 +373 +179 +368 +397 +266 +88 +388 +322 +351 +65  +7 +190 +346 +270 +286 +380 +153
