24 24
+85 +10 +55 +308 +24 +14 +33 +199 +235 +354 +380 +260 +82 +11  +3 +236 +95 +375 +350 +391 +46  +4 +236 +328
+273 +126 +329 +178 +110 +187 +342 +170 +128 +241 +191 +177 +305 +79 +41 +298 +273 +238 +134 +12  +1 +281 +22 +57
+379 +197 +202 +24 +164 +118 +47 +106 +32  +6 +227 +48 +129 +152 +273 +14 +388 +118 +338 +300 +249 +121 +67 +253
+129 +270 +288 +284 +386 +371 +93 +383 +28 +309 +366 +339 +130 +356 +276 +112 +57 +105 +387 +81 +388 +136 +326 +133
+369 +95 +185 +144 +22 +108 +271 +97 +160 +149 +133 +270 +43 +116 +292 +267 +46 +17 +91 +198 +99 +113 +297 +339
+261 +41  +4 +61 +395 +172 +76 +357 +42 +393 +310 +47 +361 +79 +54 +333 +362 +53 +126 +285 +145 +150 +238 +82
+317 +86 +282 +369 +229 +18 +211 +366 +258 +229 +19  +1 +159 +383 +51  +5 +268 +56 +81 +62 +11 +386 +157 +182
+11 +344 +209 +379 +109 +43 +336 +170 +88 +196 +369 +355 +368 +240 +281 +376 +75 +88 +352 +306 +99  +5 +53 +332
+93 +110 +107 +276 +60 +322 +310 +300 +335 +298 +90 +310 +167 +178 +16 +372 +89  +9 +301 +260 +43 +57 +160 +366
+80 +32 +136 +123 +376 +251 +159 +283 +398 +325 +372 +140 +297 +145 +154 +349 +353 +51 +112 +159 +77 +308 +274 +118
+240 +211 +243 +208 +116 +381 +272 +223 +258 +383 +174 +324 +230 +27 +128 +318 +178 +364 +213 +288 +159 +391 +87 +44
+16 +308 +334 +81 +295 +112 +119 +390 +90 +15 +27 +47 +189 +388 +247 +103 +169 +72 +44 +20 +273 +56 +294 +338
+189 +91 +12 +136 +139 +125 +203 +388 +11 +237 +158 +167 +297  +3 +169 +228 +352 +190 +22  +8 +120 +172 +279 +380
+274 +363 +68 +320 +396 +16 +29 +165 +285 +209 +320 +190 +37 +374 +289 +238 +166 +95 +181 +180 +129 +275 +118 +311
+233 +177 +328 +126 +139 +358  +8 +377 +320 +48 +162 +224 +48 +74 +93 +315 +125 +248 +263 +207 +286 +150 +148 +341
+12 +98 +201 +101 +96 +217 +252 +240 +332 +390 +80 +46 +212 +202 +322 +349 +70  +0 +101 +168 +154 +367 +143 +322
+124 +199 +337 +77 +263 +191 +203 +265 +303 +178 +358 +378 +302 +290 +365 +104 +134 +372 +166 +46 +210 +73 +201 +88
+339 +369 +23 +87 +331  +8 +40 +181 +300 +152 +388 +305 +314 +252 +297 +237  +6 +234 +336 +161 +12 +384 +29  +9
+109 +284 +349 +224 +116 +315 +278 +313 +67 +385 +340 +109 +57 +207 +296 +298 +321 +389 +396 +95 +94 +188 +195 +98
+297 +75 +108 +254 +17 +213 +109 +354 +145  +4 +118 +132 +196 +388 +208 +78 +352 +345 +84 +393 +330 +218 +106 +336
+371 +254 +166 +112 +301 +341 +88 +324 +236 +265 +375 +183 +139 +130 +243 +270 +189 +324 +176 +130 +375 +67 +241 +369
+308 +293 +256 +94 +181 +172 +106 +311 +310 +328 +396 +241 +55 +378 +304 +122 +214 +354 +222  +7 +301 +231 +217 +213
+126 +342 +288 +213 +387 +10 +240 +245 +149 +163 +317 +395 +131 +303 +186 +280 +48 +336 +62 +68 +158 +152 +299 +349
+292 +35 +367 +312 +287 +229 +384 +148 +135 +56 +223 +168 +376 +157 +152 +220 +83 +160 +245 +395 +365 +100 +199 +209
