686589 701174 626618 579159 723202 760462 662932 719641 624828 811058 962620 543542 851685 750738 812864 645849 511527
606586 506997 424626 489885 554948 585752 517799 513613 464074 625628 687213 490071 665746 487869 514240 487623 425266
696475 607856 693593 516346 714405 764821 583789 757389 504376 654015 853831 772004 784604 747731 836630 530800 561316
554533 576383 577180 512376 684254 597408 613198 553179 428760 551323 720315 557939 538619 680020 601971 325023 571993
555743 605671 643691 489972 659690 745986 584320 605507 427886 693245 786043 484947 677559 639181 765315 477380 467878
830507 694211 739997 659179 811276 765204 689888 746397 583169 782437 955629 699365 833864 789181 808231 560222 608214
854973 731208 812136 679803 816226 959414 840947 787462 667538 869838 1052879 776372 932006 850104 871400 727452 675529
538351 488147 489936 448984 629713 570150 538905 520863 400347 601567 624027 483812 531347 462244 534232 347620 465965
766197 823868 566754 557424 906058 659845 614889 705717 520833 899673 961530 687623 865458 777910 867338 619549 584007
642527 645921 585922 549748 639738 675217 563981 598098 537702 643443 726081 546555 683637 689276 702225 514777 579633
775908 662459 701616 667092 793231 794785 703055 748989 535904 792608 961206 587497 824868 780606 835282 555637 611261
633751 630161 586070 454509 631760 620761 396252 564997 349608 586988 720482 574639 666468 689171 763221 465873 425240
692686 588106 581761 632327 685884 664504 581955 590417 588063 684893 751283 618608 779740 682264 587944 487022 611874
670724 496812 582232 523134 472638 546487 439540 452958 440605 517162 557996 446812 522569 478098 587272 372585 498964
780375 711238 736104 602190 815317 732170 609359 696980 550395 810299 846211 746499 884496 763413 891023 539542 561965
564253 654454 718907 462916 632784 733535 629394 713119 612458 604545 701472 730311 716957 743025 679698 488714 518179
894586 754925 574558 673784 815899 594102 493049 536616 527375 807682 859042 638999 870114 767018 767592 607727 663809
