15 15
+385 +35 +386 +251 +154 +299 +181 +21 +378 +334 +244 +369 +149 +377 +24
+25 +35 +374 +96 +132  +7 +11 +172 +62 +133 +315 +150 +268 +328 +39
+102 +331 +76 +38 +346 +196 +84 +55 +270 +356 +308 +352 +386 +110 +16
+48 +15 +248 +332 +54 +328 +329 +393 +158 +18 +243 +11 +209 +305 +362
+180 +397 +73 +40 +208 +118 +396 +258  +7 +188 +91 +197 +38 +56 +274
+131 +166 +20 +25 +324 +109 +376 +16 +300 +54 +129 +121 +309 +243 +319
+236 +229 +246 +73 +88 +176 +175 +311 +228 +391 +23 +209 +266 +344 +44
+187 +60 +289 +117 +64 +21 +113 +280 +285 +248 +323 +288 +28 +259 +21
+320 +20 +319 +26 +129 +45 +176 +110 +108 +334 +114 +243 +25 +281 +280
+232 +41 +204 +141 +222 +231 +85 +366 +134 +152 +33 +119 +204 +262 +173
+71 +276 +43 +119 +191 +173  +4 +210 +296 +200 +17 +167 +365 +103 +192
+234 +216 +304 +88 +180 +287 +126 +71 +230 +24 +352 +258 +162 +90 +31
+371 +12 +397 +397 +66 +272 +379 +397 +288 +337 +393 +383 +206 +215 +65
+352 +164 +34 +396 +169 +77 +303 +134 +41 +32 +148 +130 +360 +226 +223
+92 +158 +395  +1 +203 +249 +94 +41 +98 +14 +123 +120 +332 +268 +146
