18 18
+179 +84 +211 +280 +227 +127 +375 +168 +346 +33 +104  +3 +124 +186  +8 +125 +345 +237
+338 +371 +202 +177 +131 +279 +256 +335 +164 +75 +161 +289 +302 +193 +99 +270 +258 +353
 +1 +284 +297 +195 +82 +79 +238 +290 +294 +209 +68 +136 +72 +257 +238 +246 +322 +134
+83 +293 +92 +180 +270 +394 +42 +355 +182 +377 +270 +284 +308 +258 +218 +93 +242 +147
+295 +37 +381 +246 +386 +208 +265 +30 +64 +286 +140 +36 +33 +274 +34 +37 +391 +262
+289 +278 +26 +30 +41 +134 +217 +366 +281 +284 +385 +121 +391 +212 +70 +124 +74 +252
+77 +146 +40 +263 +125 +134 +141 +146 +350 +163 +157 +166 +216 +62 +264 +351 +17 +159
+166 +218 +162 +286 +308 +29 +65 +144 +193 +62 +214 +359 +147 +121 +208 +26 +225  +7
+265 +299 +66 +72 +358 +269 +336 +188 +373 +297 +160 +167 +396 +366 +375 +112 +38 +16
+296 +273 +378 +237 +284 +347 +164 +166 +80 +342 +385 +156 +266 +12 +46 +115 +266 +354
+351 +193 +184 +189 +12 +295 +193 +150 +387 +174 +223 +290 +157 +22 +176 +28 +30 +113
+32 +349  +8 +373 +87 +292 +310 +377 +382 +16 +89 +378 +359  +7 +112 +336 +153 +163
+230 +215 +310 +206 +221 +164 +121 +397 +59 +384 +171 +294 +314 +246 +150 +248 +83 +317
+370 +393 +35 +269 +279 +314 +352 +100 +246 +305 +273 +327 +59 +326  +7 +228 +372 +125
+244 +316 +41 +156 +27 +240 +89 +311 +109 +145 +273 +197 +173 +53 +281 +299 +76 +384
+264 +37 +209 +25 +84 +213 +87 +174 +58 +144 +198 +175 +209 +263 +387 +328 +149 +58
+83 +366 +202 +36 +343 +178 +118 +210 +372 +152 +289 +162 +145 +109 +204 +101 +377 +197
+370 +166 +94 +195 +193 +63 +220 +220 +261 +307 +58 +90 +108 +221 +367 +144 +384 +132
