1381342 1032944 1236630 1356205 1159854 992107 1142590 1028184 1374764 1300489 1077320 1385195 1327757 1465157 1520086 1207529 1155363 1276437 1317529 1442085 1148241 1273577 1337120 1417520 1246195 1338659 1219121 1165552 1398123 1091921 1614611 1313850
1531180 1118590 1360542 1327031 1339734 1335387 1165712 1188770 1631628 1329713 1082311 1453711 1433123 1642947 1721699 1413063 1252910 1293460 1536813 1461307 1241193 1504310 1520287 1520700 1365074 1460167 1380780 1367008 1396301 1133194 1515793 1373015
1389824 1060398 1252698 1434006 1196674 1165220 1279039 1015023 1484753 1391117 901439 1374203 1382978 1343139 1460996 1408231 1024658 1288873 1297663 1574332 971578 1361717 1391299 1406909 1207379 1403554 1203428 1298710 1316380 1114595 1682487 1341063
1318041 1077460 1326844 1387468 1187719 1180121 1175410 1181016 1346494 1435015 1002402 1389923 1391321 1453641 1565175 1351464 1216689 1284652 1326160 1457975 1181584 1390716 1574319 1515188 1158538 1451961 1308103 1325494 1450294 1089898 1423639 1320243
1421660 1032969 1187567 1322890 1117075 1151046 1059769 980572 1241189 1424853 1009122 1297129 1335520 1443177 1544640 1172726 1138751 1287798 1239635 1256774 1259146 1458589 1476877 1407759 1261974 1449070 1143353 1261565 1342953 940162 1411714 1269052
1504915 991233 1280271 1358330 1134456 1271805 1167806 965716 1669375 1248022 1019803 1319056 1361348 1457492 1665750 1410319 1280480 1136590 1519127 1387506 1152649 1365599 1430144 1285508 1291336 1242301 1219054 1242760 1302814 1169759 1428016 1408659
1324429 957555 1348055 1433922 1051296 1176877 1238269 938076 1468795 1500369 951736 1363924 1265448 1376617 1628966 1176447 1091040 1419545 1320785 1381737 1065575 1409377 1504612 1341855 1046625 1318033 1149630 1243927 1250895 1091581 1440911 1448524
1161293 835832 949942 1155244 958753 857899 986201 753353 1345924 971652 793223 1048020 1151898 1267457 1359305 1161941 1040907 999270 1218417 1111358 925289 1201040 1212289 1139982 1153406 1118071 1096765 1134360 1081393 870716 1151205 1080228
1081061 783367 905257 929782 970988 867876 925142 817755 1150183 898569 781762 1009209 994006 1089165 1150133 970231 950657 775929 1186127 1100520 895217 1034618 1095326 1117274 1095631 1142239 968848 945873 974022 853363 1079957 975238
1480159 1144981 1406675 1561787 1327583 1210818 1362191 1108082 1632892 1512040 1153155 1498296 1473977 1494717 1706171 1383037 1138112 1229242 1413844 1519198 1262995 1454218 1534377 1598182 1362831 1641374 1261853 1338683 1534092 1176744 1712649 1442910
1470052 1070516 1368748 1511850 1158583 1306658 1334303 1167310 1663572 1494958 1164427 1474722 1516298 1643647 1839256 1448635 1191922 1379776 1478266 1451887 1356728 1610895 1666463 1559190 1415121 1717538 1338298 1362786 1553317 1165300 1673718 1538540
1464588 1131108 1374144 1454714 1282952 1259696 1334057 1093724 1632183 1477476 1070159 1448893 1442787 1407644 1616226 1343216 1247646 1271891 1456936 1457350 1154120 1354132 1522495 1394935 1144075 1480106 1278179 1272952 1549478 1246511 1568815 1329149
1670205 1332545 1467866 1590823 1514489 1359431 1353066 1164400 1636965 1586773 1183728 1605934 1666667 1646798 1826886 1566510 1218544 1375673 1652612 1764824 1342858 1776361 1746990 1647725 1549721 1751854 1411319 1497347 1613746 1246438 1721640 1496870
1430080 1144303 1318806 1491358 1172192 1237896 1284335 902864 1501422 1522385 1089461 1420170 1529203 1625625 1704215 1264490 1128172 1324612 1476934 1566366 1208870 1577970 1479052 1255985 1301828 1482345 1230640 1293525 1446409 1072616 1578827 1493246
1249405 900003 1097938 1090767 1049092 929388 1048181 722355 1279356 1190680 877758 1290003 1055552 1273452 1422806 1082751 963627 926012 1351762 1296578 984088 1216700 1250239 1203088 1062363 1250349 1062783 1170015 1158496 830969 1151272 1282952
1469642 1124619 1172916 1285953 1111662 1109461 1058945 943762 1349399 1306659 1082276 1225217 1320700 1325006 1534441 1184506 1206458 1376397 1319020 1411358 1212006 1511232 1433551 1404704 1375704 1626666 1154183 1251535 1367516 1016764 1597144 1195578
1414087 1058455 1248411 1390792 1154604 1163689 1115358 853088 1449011 1367253 1030762 1359178 1226793 1474102 1602459 1418753 1007075 1268928 1337150 1386509 1054716 1470593 1484468 1369707 1208970 1355914 1081932 1296718 1190662 1073050 1458130 1342157
1456924 1093158 1130845 1388475 1044921 1182169 1123764 797528 1347916 1439216 833226 1317236 1352731 1370120 1536502 1463889 1162626 1326297 1418574 1377347 929958 1476375 1462158 1273988 1138577 1245758 1024950 1373432 1108728 980872 1384043 1293628
1181035 885870 1113009 1252273 928844 991933 1046311 972794 1334269 1218498 760076 1178345 1130578 1121354 1235717 1001195 1197677 1202251 1227022 1257491 1001643 1129323 1344115 1273270 1130205 1248338 1133784 1160869 1146659 912168 1295624 1220343
1191498 799250 892441 1110779 963620 949134 1045737 876542 1132313 1154874 719276 1057452 1087281 1094117 1345610 1066290 979971 1066390 1178190 1098363 939762 1132849 1156701 1024787 975345 1124428 909376 986899 1072075 861556 1285646 1141033
1280664 1021993 1050488 1228311 1088836 966236 1156324 1020381 1367686 1204533 976475 1188374 1457158 1412132 1454784 1144513 1137196 1154992 1284824 1356233 1169376 1288643 1471331 1420677 1412406 1488807 1300148 1221936 1324878 1003194 1482716 1216901
1271683 938923 1164330 1220830 1054812 1053309 1190156 877415 1431956 1236114 954879 1233323 1324142 1249467 1457586 1307995 1044584 1238945 1252979 1243607 1007385 1301766 1304089 1297956 1121637 1414795 1044282 1393400 1250109 975732 1371020 1170384
1401723 1061736 1202622 1324978 1139759 1058136 1175934 867406 1517154 1239377 1060035 1201947 1450860 1385639 1626826 1247532 1219827 1293457 1368894 1334770 1149349 1418668 1519887 1401370 1333112 1452241 1196210 1359232 1333289 1027256 1553430 1250897
1269087 911920 1404926 1323253 1154487 1201436 1196212 1047831 1545473 1308755 903948 1372304 1278441 1334346 1493633 1304414 1071899 1247808 1365757 1499248 1042660 1377456 1395156 1423123 1182841 1533267 1162017 1242260 1315323 1079589 1606931 1404766
1204592 1056561 1199904 1265472 1096653 1019833 1006895 805521 1371369 1198836 904250 1238675 1232624 1257235 1363349 1025294 908134 1100736 1184082 1217802 1020780 1146272 1321002 1149668 983897 1098631 1100247 1027170 1264235 1003541 1205486 1094927
1496524 972550 1151221 1349506 1233936 1147522 1216186 938515 1424917 1449893 1022958 1397540 1318404 1480656 1681692 1441144 1320788 1178838 1452459 1212751 1166080 1395392 1396669 1493224 1182985 1255848 1184281 1256220 1362806 1061550 1408321 1413974
1159717 957992 1165046 1129129 902450 1047561 983199 820895 1331397 1191701 927517 1220809 1210843 1413162 1411855 1039000 1030432 1145741 1326481 1226045 1037953 1245327 1287643 1084157 1071936 1233237 1036890 1106057 1124259 1041965 1225569 1170327
1348859 1043483 1179895 1200880 1020020 1097282 1060811 940413 1347325 1095844 914404 1295957 1341096 1230324 1470963 1176663 1018517 1067789 1319923 1459534 996342 1298034 1310880 1275483 1206174 1250530 1075656 1081891 1252363 1008382 1421880 1182599
1633125 1153932 1571845 1579680 1326918 1309368 1275057 1051398 1775179 1597135 1095500 1570485 1591278 1605609 1830346 1521510 1382455 1432241 1682937 1603888 1207970 1567203 1722705 1509086 1321076 1502996 1370180 1523630 1498614 1229347 1640122 1608680
1558350 1168236 1314730 1353095 1243532 1196963 1130334 994661 1559062 1373697 1019995 1450177 1328893 1374231 1614479 1224433 1224258 1393849 1464658 1479569 1167525 1519194 1602985 1378876 1345371 1464576 1207608 1381182 1358838 1037980 1620546 1382995
1281812 943136 1055203 1282469 1042164 966080 1181145 946143 1300831 1177138 726736 1280059 1329744 1285411 1527457 1168056 855151 901533 1293245 1353894 933871 1442070 1244287 1161568 1210753 1256561 1097940 1046640 1221352 1045019 1467795 1223901
1269161 942727 1040043 1038939 1028766 937958 936887 976017 1192882 1148629 859681 1158668 1231737 1160209 1379362 1133247 1135325 1108107 1214222 1213706 1041239 1162887 1229315 1326993 1131170 1328958 1056983 1167261 1195724 891635 1274247 1063411
