18 18
+265 +375 +128 +127 +182 +251 +323 +351 +98 +27 +264 +30 +214 +389 +322 +377 +162 +365
+287 +45 +349 +197 +98 +218 +95 +298 +252 +381 +36 +249 +166 +36 +24 +338 +124 +119
+22 +90 +93 +107 +300 +68 +289  +2 +98 +295 +293 +285 +222 +287 +222 +351 +268 +176
+213 +380 +323 +236 +176 +134 +19 +170 +285 +273 +86 +145 +93 +379 +153 +350 +374 +170
+381 +396 +174  +2 +216 +395 +245 +366 +283 +111 +321 +320 +42 +390 +300 +330 +203 +367
+24 +11 +324 +252 +67 +358 +282 +53 +378 +349 +198 +323 +276 +327 +221 +197 +172 +58
+233 +375 +377 +150 +216 +58 +42 +383 +290 +87 +355 +109 +324 +253 +294 +106 +328 +82
+50 +203 +243 +53 +121 +299 +39 +88 +189 +216 +57 +135 +220 +74 +106 +231 +157 +285
+250 +234 +283 +133 +30 +182 +10 +70 +254 +261 +216 +85 +112 +299 +198 +171 +315 +106
+139 +365 +45 +355 +348 +121 +61 +247 +223 +298 +341 +389 +207 +18 +331 +237 +385 +282
 +7  +6 +100 +198 +278 +243 +141 +58 +17 +268 +132 +187 +114 +325 +208 +373 +171 +54
+19 +112 +17 +24 +327 +29 +301 +23 +66 +24 +352 +215 +217 +40 +235 +353 +211 +240
+300 +375 +324 +388 +155 +208 +167 +390 +154 +12 +371 +368 +187 +206 +294 +87 +363 +372
+223 +114 +132 +346 +140 +265 +96 +258 +278 +223 +178 +161 +299 +45 +320 +42 +119 +110
+124 +343 +201 +354 +63 +224 +85 +309 +173 +50 +203 +259 +312 +27 +360 +379 +254 +53
+334 +398 +396 +67 +219 +272 +38  +3 +373 +166 +317 +131 +148 +131 +274 +168 +151 +287
+235 +76 +187 +372 +121 +314 +165 +177 +89 +359 +302 +136 +189 +306 +288 +94 +88  +3
+107 +366 +113 +38 +83 +185 +149 +309 +214  +2 +366 +171 +197 +367 +111 +370 +252 +250
