100 100
+202 +298 +192 +55 +232 +325 +229 +307 +26 +377 +309 +381 +271 +88 +304 +261 +373 +45 +52 +336 +304 +340 +350 +194 +17 +286  +1 +241 +263 +378 +396 +315 +132 +194 +33 +262 +138 +263 +328 +227 +98 +225 +57 +370 +224 +286 +388 +151 +322 +277 +150 +115 +135 +20 +219 +105 +291 +336 +209 +164 +263 +381 +68 +40 +231 +120 +250 +169 +57 +53 +336 +198 +156 +77 +56  +4 +131 +161 +172 +31 +342 +89 +122 +181 +36 +285 +61  +6 +171 +272  +5 +32 +202 +319 +109 +392 +386 +371 +119 +235
+220 +44 +38 +286 +35 +55 +149 +323 +52 +345 +215 +166 +47 +78 +216 +86 +194  +5 +236 +85 +144 +81 +339  +0 +39 +21 +160 +387 +56 +49 +386 +171 +119 +48 +323 +190 +155 +204 +218 +335 +142 +179 +92 +160 +340 +33 +199 +362 +132 +323 +213 +180 +156 +336 +367 +380 +170 +87 +371 +115  +5 +265 +250 +254 +331 +214 +40 +303 +168 +111 +393 +378 +119 +102 +55 +79 +334 +58 +30 +174 +49 +169  +7 +300 +349 +340 +183 +92 +118 +164 +136 +190 +80 +296 +136 +319 +176 +138 +178 +368
+296 +199 +249 +382 +309 +236 +348 +163 +276 +126 +150 +364 +393 +286 +330 +157 +363 +14 +86 +367 +278 +358 +325 +228 +286 +373 +117 +94 +22 +355 +197 +79 +42 +266 +357 +164 +373 +174 +249 +286 +255 +330  +8 +149 +317 +274 +213 +43 +278 +321 +48 +150 +22 +40 +354 +96 +164 +397 +321 +16 +35 +147 +83 +14 +79 +282 +381 +180 +152 +203 +393 +154 +106 +293 +99 +258 +155 +283 +120 +233 +168 +180 +213 +162 +259 +56 +317 +236 +152 +32 +172 +119 +67 +95 +369 +57 +322 +210 +331 +98
+140 +98 +288 +91 +15 +151 +107 +358 +51 +107 +130 +338 +385 +275 +261 +75 +242 +331 +213 +234 +134 +172 +99 +266 +362 +206 +250 +385 +236 +342 +271 +131 +245  +8 +235 +307 +47  +3 +257 +242 +210 +74 +174 +216 +118 +64 +265 +55 +229 +248 +328 +398 +213 +18 +110 +380 +139 +19 +237 +110 +399 +141 +54 +93 +64 +203  +2 +368 +144 +327 +15 +338 +398 +192 +319 +351 +47 +336 +93 +183 +341 +334 +299 +23 +155 +379 +46 +392 +103 +228 +279 +134 +387 +20 +170 +315 +231 +390 +19 +89
+274 +182 +312 +118 +110 +154 +226 +164 +258 +260 +271 +362 +51 +93 +294 +45 +146 +204 +295 +95 +261 +14 +395 +138 +328 +230 +374 +114 +246 +382 +69  +6 +285 +155  +3 +72 +338 +183 +258 +378 +333 +273 +351 +316 +145 +355 +101 +169 +328 +306 +256 +65 +366 +111 +40 +379 +112 +353 +282 +303 +394 +46 +45 +251 +46 +234 +132 +186 +210 +115 +399 +130 +297 +124 +212 +46 +292 +105 +23 +272 +114 +242 +248 +23 +32  +9 +397 +59 +252 +225 +120 +197 +27 +158 +154 +213 +268 +20 +176 +265
+150 +298 +63 +65 +344 +126 +134 +78 +318 +118 +387 +125 +268 +141 +164 +367 +384 +34 +248 +115 +26  +7 +152 +321 +139 +313 +24 +295 +231 +162 +193 +249 +98 +371 +282 +19 +369 +98 +281 +367 +294 +339 +181 +365 +185  +3 +57 +248 +289 +314 +291 +244 +383 +343 +35 +253 +342 +231 +311 +152  +3 +372 +297 +268 +228 +320 +370 +109 +303 +329 +201 +378 +305 +252 +94 +189 +265 +265 +25 +25 +117 +387 +138 +207 +273 +112 +154 +350 +160 +25 +113 +124 +243 +263 +170 +352 +338 +117 +340 +81
+19 +365 +379 +314 +10 +179 +216 +365 +35 +245 +173 +101 +393 +72 +110 +183 +303 +303 +231 +55 +244 +222 +26 +312 +302 +234 +72 +222 +185 +297 +126 +167 +295 +203 +84 +67 +37 +36 +264 +222 +224 +260 +378 +187 +191 +27 +98 +359 +144 +371 +125  +3 +345 +301 +41 +210 +351 +375 +248 +293 +39 +279 +251 +99 +264 +109 +172 +279 +275 +100 +11 +192 +326 +335 +80 +374 +369 +386 +113 +385 +385 +154 +144 +209 +133 +171 +82 +191 +61 +232 +238 +163 +179 +102 +257 +242 +346 +103 +25 +86
+236 +17 +255 +387 +24 +302 +72 +368 +148 +265 +29 +213 +142 +257 +290 +181 +227 +350 +213 +275 +103 +139 +164 +256 +159 +158 +257  +3 +384  +7 +390 +244 +303 +351 +117 +253 +58 +137 +96 +290 +148 +323 +249 +278 +230 +397 +176 +337 +153 +75 +318 +314 +363 +394 +399 +261 +347 +255 +222 +23 +200 +164 +83 +249 +49 +231 +77 +299 +45 +222 +305 +38 +65 +322 +297 +29 +251 +64 +159 +344 +106 +363  +1 +308 +172 +127 +254 +272 +233 +127 +219 +159 +233 +257 +293 +394 +21 +373 +42 +395
+241 +351 +153 +387 +209 +63 +216 +377 +35 +191 +275 +137 +297 +114 +36 +67 +139 +190 +268 +78 +128 +152 +201 +47 +348 +56 +57 +15 +379 +115 +334 +87 +126 +330 +37 +96 +49 +215 +328 +186 +304 +245 +175 +346 +121 +158 +95 +385 +69 +281 +71 +263 +167 +40 +43 +210 +291 +20 +288 +219 +279 +64 +126 +371 +246 +85 +229 +175  +3 +335 +342 +107 +76 +126 +328 +273 +209 +252 +85 +307 +330 +306 +300 +269 +148 +223 +32 +298 +187 +104 +161 +157 +59 +44 +256 +112 +398 +272 +217 +338
+229 +15 +327 +25 +343 +262 +174 +353 +231  +9 +298 +308 +99 +222 +88 +251 +108 +258 +314 +237 +312 +357 +214 +391 +196 +145 +68 +365 +116 +188 +260 +204 +60 +337 +211 +255 +275 +23 +310 +330 +388 +272 +341 +373 +59 +15 +244 +71 +220 +90 +235 +49 +117 +356 +254 +205 +112 +123 +187 +211 +150 +104 +148 +293 +261 +343 +264 +241 +290 +162 +221 +149 +373 +263 +83 +398 +187 +300 +174 +256 +298 +389 +170 +344 +311 +137 +318 +74  +8 +311 +358 +277 +175  +9  +9 +249 +267 +303 +371 +73
+63 +125 +57 +356 +158 +196 +258 +19 +379 +298 +303 +225 +196 +41 +358 +340 +210 +13 +100 +208 +380 +338 +365 +313 +55 +46 +35 +384 +195 +46 +248 +204 +344 +381 +267 +155 +369 +394 +180 +284 +368 +399 +10 +113 +54 +65 +290 +263 +352 +94 +355 +156 +324 +26 +66 +69  +2 +86 +343 +32 +62 +303 +214 +276 +16 +336 +17 +320 +202 +340 +308 +167 +364 +91 +265 +353 +91 +341 +227 +256 +109 +86 +317 +63 +307 +25 +31 +335 +302 +337 +375 +367 +52 +65 +44 +305 +198 +232 +347 +379
+123 +358 +369 +186 +305 +228 +374 +281 +113 +59 +159 +191 +33 +169 +132 +182 +59 +209 +385 +53 +111 +135 +338 +141 +14 +84 +386 +56 +113 +336 +160 +48 +142 +193 +321 +306 +171 +181 +220 +21 +393 +128 +215 +311 +79 +260 +385 +201  +5 +256 +154 +343 +11 +50 +262 +93 +77 +92 +20 +180  +2 +320 +378 +224 +388 +270 +47 +122 +151 +175 +98 +244 +68 +93 +204 +133 +16 +381 +161 +238 +375 +308 +309 +197 +72 +313 +166 +364 +261 +24 +395 +46 +218 +222 +66 +78 +347 +25 +307 +90
+111 +143 +264 +156 +229 +101 +252 +48 +277 +238 +111 +392 +64 +244 +85  +4 +278 +77 +215 +394 +245 +31 +266 +329 +274 +397 +29 +372 +91 +396 +358 +234 +338 +78 +174 +186 +52 +133 +66 +259 +289 +164 +205 +102 +294 +394 +16 +330 +68 +324 +158 +159 +41 +297 +305 +179 +310 +135 +233 +258 +304 +61 +21 +232 +215 +42 +86 +237 +325 +210 +354 +200 +384 +25 +82 +327 +198 +359 +222 +123 +157 +206 +125 +80 +291 +129 +165 +289 +269 +145 +202 +383 +188 +57 +374 +280 +289 +371 +398 +190
+159 +83 +156 +353 +169 +227 +45 +136 +221 +123 +330 +389 +145 +260 +134 +163 +69 +257 +242 +40 +214 +318 +36 +235 +262 +253 +98 +74 +193 +77 +291 +113 +330 +160 +304 +202 +54 +151 +259 +282 +52 +359 +250 +111 +387 +247 +304 +186 +398  +3 +182 +29 +164 +47 +200  +9 +94 +68 +48 +202 +351 +203 +283 +48 +266 +365 +200 +135 +104 +308 +175 +104 +234 +271 +259 +187 +135 +104 +130 +367 +119 +35 +233 +167 +227 +148 +52 +248 +103 +337 +331 +382 +221 +93 +246 +349 +45 +197 +274 +274
+320 +388 +329 +69 +125 +84 +53 +88 +337 +285  +8 +302 +99 +249 +252 +164 +249 +233 +171 +204 +57 +366 +110 +103 +237 +168 +275 +173 +174 +43 +393 +101 +63 +340 +321 +112 +18 +286 +271 +111 +54 +70 +284 +180 +15 +157 +296 +230 +368 +239 +65 +14 +329 +336 +201 +86 +285 +314  +8  +0 +284 +256 +190 +332 +327 +33 +320 +34 +15 +372 +317 +135 +34 +57 +260 +345 +185 +246 +31 +78 +99 +10 +58 +157 +200 +399 +12 +328 +63 +349 +394 +384 +396 +88 +46 +356 +243 +117 +129 +395
+127 +86 +267 +209 +325 +123 +132 +148 +181 +47 +230 +31 +260 +73 +90 +59 +207 +60 +363 +131 +225 +289 +390 +293 +220 +295 +369 +296 +205 +376 +85 +319 +163 +372 +364 +283 +248 +363 +358 +123 +264  +9 +47 +166 +193 +243 +277 +50 +386 +22 +211 +43 +134 +270 +20 +240 +302 +371 +337  +5 +14 +358 +174 +385 +317 +227 +389 +83 +159 +124 +368 +398 +31 +381 +262 +275 +192 +90 +342 +395 +244 +228 +110 +51 +387 +70 +378 +271 +364 +78 +242 +362 +280 +270  +8 +251 +314 +384 +96 +127
+220 +327 +192 +152 +132  +9 +112 +62 +213 +253 +13 +150 +394 +44 +384 +379 +20 +360  +2 +326 +49 +209 +292 +12 +291 +192 +204 +165 +386 +125 +122 +43 +155 +322 +60 +144 +270 +124 +237 +190 +353 +383  +5 +11 +131 +48 +89 +220 +320 +109 +340 +318 +223 +218 +234 +150 +261 +230 +166 +273 +222 +301 +227 +152  +1 +345 +289 +169 +24 +350 +311 +281 +152 +299 +97 +240 +95 +30 +34 +164 +237 +234 +13 +342 +242 +301 +61 +388 +127 +236 +243 +199 +392 +214 +65 +278 +289 +81 +345 +357
+100 +74 +398 +150 +356 +249 +273 +54 +260 +189 +128 +248 +99 +47 +40 +294 +115 +114 +39 +57 +75 +379 +206 +288 +163 +210 +149 +325 +351 +140 +324 +124 +147 +81 +215 +321 +24 +303 +303 +42 +316 +330 +238 +392 +202 +396 +313 +102 +49 +150 +171 +379 +262 +270 +393 +359 +102 +89 +132 +348 +12 +188 +229 +192 +257 +16 +298 +273 +339 +37 +136 +217 +185 +234 +198 +38 +116 +398 +161 +385 +70 +79 +137 +330 +147 +86 +238 +311  +7 +289 +396 +39 +290 +333 +134 +289 +114 +388 +198 +255
+121 +328 +93 +103 +67 +196 +152 +214  +5 +341 +170 +312 +394 +28 +30 +336 +327 +97 +300 +20 +358 +202 +29 +328 +374 +124 +172 +333 +14 +138 +56 +242  +3 +224 +81 +388 +59 +388 +313 +230 +150 +100 +238 +268 +141 +155 +126 +349 +300 +29 +307 +382 +245 +391 +200 +168 +212 +22 +59 +35 +87 +148 +270 +62 +27 +279 +368 +209 +268 +48 +369 +225 +302 +76 +262 +55 +369 +267 +54 +264 +275 +69 +16 +100 +61 +111 +378 +44 +127 +144 +342 +23 +64 +19 +353 +219 +300 +330 +346 +109
+398 +269 +94 +275 +116 +14 +103 +385 +240 +256 +184 +339 +223 +35 +229 +34 +156 +84 +329 +229 +69 +287 +129 +227 +220 +126 +351 +382 +68 +42 +382 +348 +337 +353 +170 +213 +303 +29 +23 +139 +369 +145 +21 +159 +145 +37 +97 +85 +55 +200 +383 +375 +264 +123 +138 +332 +213 +105 +211 +340 +107 +261 +16 +232  +7 +123 +384 +150 +373 +362 +10 +399 +276 +335 +277 +163 +16 +378 +333 +18 +317 +327 +66 +147 +324 +112 +211 +338 +148 +167 +66 +18 +222 +307 +348 +62 +63 +63 +364 +108
+56 +124 +302 +133 +43 +289 +271 +81 +264 +97 +235 +186 +86 +305 +52 +158 +106 +206 +165 +196 +348 +132  +5 +98 +114 +185 +355 +99 +299 +263 +127 +47 +37 +22 +305 +241 +33 +64 +203 +102 +167 +376 +177  +2 +267 +117 +255 +175 +155 +230 +358 +335 +58 +86 +327 +197 +250 +298 +198 +171 +304 +123 +383 +169 +374 +221 +286 +63 +270 +145 +212 +38 +318 +181 +187 +381 +71 +201 +334 +270 +298 +217 +11 +214 +153 +184 +151 +185 +123 +171 +159 +21 +142 +238 +188 +234 +206 +14 +144 +99
+124 +43 +21 +139 +399 +298 +232 +377 +116 +144 +129 +176 +167 +215 +374 +191 +14 +68 +29 +110 +250 +287 +38 +209 +205 +26 +231 +224 +225 +305 +97 +247 +219 +16 +47 +312 +25 +255 +334 +66 +184 +309 +157 +152 +313 +287 +327 +264 +301 +351 +367 +62 +55 +198 +259 +77 +212 +22 +276 +220 +76 +140 +99 +241 +207 +352 +263 +15 +126 +281  +4 +173 +209 +198 +21 +268 +19 +185 +13 +143 +183 +73 +158 +245 +179 +90 +332 +347 +242 +140 +206 +103 +268 +19 +186 +328 +89 +62 +300 +204
+12 +176 +133 +308 +311 +61 +28 +212 +184 +286 +363 +331 +88 +37 +340 +344 +383 +336 +378 +98 +52 +217 +394 +72 +76 +283 +215 +247 +112 +206 +83 +138 +85 +278 +387 +79 +162 +329 +37 +165 +330 +385 +182 +220  +3 +240 +363  +8 +160 +327 +277 +377 +166 +322 +203 +243 +118 +135 +358 +94 +231 +375 +339 +286 +307 +376 +330 +205 +364 +372 +245 +210 +108 +56 +101 +205 +170 +140 +356 +381 +197 +178 +125 +131 +30 +225 +380 +59 +287 +290 +104 +15 +319 +231 +282 +148 +220 +95 +53 +64
+290 +205 +321 +172 +193 +116 +96 +260 +250 +280 +228 +283 +13 +117 +114 +102 +81 +119 +114 +137 +334 +337 +197 +372 +334 +190 +258 +119 +258 +300 +277 +284 +371 +26 +95 +98 +284 +20 +270 +290 +251 +300 +384 +106 +75 +24 +196 +373 +281 +97  +6 +217 +362 +232 +236 +151 +377 +300 +36 +295 +329 +273 +300 +263 +380 +372 +49 +105 +392 +215 +162 +149 +10 +120 +260 +220 +238 +179 +365 +175 +91 +16 +298 +326 +60 +228 +39 +307 +145 +281 +187 +69 +165 +108 +247 +252 +255 +249  +1 +300
+295 +76 +59 +242 +75 +310 +390 +273 +348 +356 +257 +145 +162 +394 +328 +271 +64 +365 +97 +80 +231 +39 +203 +354 +311 +26 +48 +284 +334 +263 +142 +132 +287 +270 +213  +8 +196 +348 +72 +367 +247 +295 +315 +335  +3 +298 +287 +126 +62 +175 +346  +5 +381 +296 +386 +86 +337 +241 +376 +143 +242 +385 +102 +40 +382 +282 +385 +119 +155 +351 +314 +249 +362 +250 +368 +391 +174 +63 +369 +82 +199 +48 +386  +7 +126 +27 +387 +175 +182 +322 +68 +27  +1 +94 +139 +278 +160 +117 +50 +217
+265 +128 +97 +86 +255 +105 +296 +348 +164 +372 +85 +331 +198 +130 +348 +166 +158 +389 +26 +330 +223 +131 +256 +301 +387 +243 +93 +397 +251 +268 +355 +195 +227 +181 +100 +83 +296 +216 +201 +379 +394 +342 +28 +137 +290 +351 +332 +179 +25 +277 +133 +382 +54 +46 +104  +5 +124 +23 +14 +104 +16 +354 +72 +204 +66 +290 +336 +315 +220 +140 +369 +319 +68 +265 +74 +60 +297 +232 +93 +245 +42 +80 +388 +72 +108 +28 +132 +25 +376 +304 +260 +324 +45 +117 +268 +103 +249 +83 +366 +333
+331 +191 +67 +39 +168 +25 +339 +225 +235 +127 +59 +371 +363 +46 +191 +348 +57 +116 +71 +268 +150 +166 +349 +170 +373 +155 +396 +133 +15 +377 +171 +101 +226 +383 +39 +21 +61 +349 +350 +113 +137 +99 +273 +341 +254 +354 +171 +45 +358 +327 +246 +254 +266 +40 +256 +329 +192 +53 +42 +118 +375 +57 +235 +148 +380 +327 +141 +81 +154 +318 +348 +112 +347 +280 +346 +133 +360 +215 +368 +186 +50 +178 +207 +154 +374  +4 +171 +354 +280 +196 +285 +311 +354 +283 +148 +165 +185 +164 +238 +227
+36 +352 +158 +112 +242 +77 +319 +218 +35 +361 +308 +275 +227 +313 +19 +22 +67 +12 +16 +259 +65 +281 +50 +254 +185 +379 +283 +13 +75 +136 +195 +287 +218 +152 +305 +199 +348 +259 +41 +55 +99 +133 +186 +264 +391 +64 +95 +166 +174 +68 +122 +146 +43 +217 +22 +107 +250 +315 +81 +33 +59 +124 +89 +346 +379 +306 +275 +375 +184 +115 +137 +272 +176 +393 +88 +307 +140 +175 +256 +253 +40 +327 +386 +70 +124 +58 +334 +146 +38 +71 +236 +269 +93 +162 +82 +218 +370 +145 +225 +126
+352 +391 +154 +290  +7 +214 +266 +97 +387 +11 +264 +42  +2 +146 +143 +92 +16 +113 +248 +318 +150 +239 +10 +318 +100 +310 +171 +277 +314 +275 +274 +299 +384 +320 +323 +119 +262 +310 +186 +328 +238 +169 +24 +392 +12 +44 +40 +237 +268 +18 +101 +264 +65 +144 +247 +326 +349 +336 +27 +262 +364 +379 +393 +61 +132 +92 +23 +315 +30 +95 +298 +351 +235 +199 +144 +312 +35 +260 +52 +131 +149 +186 +326 +278 +374 +303 +143 +194 +66 +12 +175 +299 +329 +296 +157 +196 +292 +50 +157 +66
+182 +393 +186 +257 +167 +349 +236 +174 +210 +313 +125 +208 +126 +183 +90 +99 +388 +276 +43 +129 +336 +318 +355 +134 +156 +98 +189 +277 +315 +324 +228 +69 +162 +117 +375 +165 +93  +9 +378 +34 +332 +249 +232 +344 +270 +267 +386 +321 +232 +278 +94 +74 +156 +255 +107 +40 +269 +164 +24 +271 +100 +12 +206 +135 +123 +49 +206 +309 +310 +161 +324 +124 +58 +143 +376 +32 +236 +125 +258 +293 +100 +77 +314 +179 +389 +351 +223 +143 +125 +140 +26 +21 +63 +148 +399 +383 +287 +88 +154 +302
+130 +54 +280 +120 +304 +133 +74 +252 +268 +148 +189 +208 +298 +291 +286 +64 +73 +264 +375 +382 +196 +256 +203 +104 +140 +232 +216 +179 +182 +290 +84 +54 +387 +286 +214 +121 +126 +44 +125 +120 +66 +221 +56 +25 +302 +181  +0 +64 +140 +305 +393 +81 +208 +310 +98 +78 +138 +395 +395 +85 +84 +124 +183 +391 +291 +287 +267 +334 +156 +352 +328 +155 +303 +314 +219 +242 +374 +372 +182 +218 +198 +98 +329 +291 +359 +336 +195 +84 +280 +277 +32 +390 +248 +377 +288 +380 +278 +126 +249 +378
+383 +391 +121 +143 +313 +12 +171 +169 +344 +350 +230 +301 +50 +310 +337 +194 +93 +270 +183 +363 +241 +382 +371 +240 +327 +232 +135 +150 +289 +137 +202 +245 +160 +197 +215 +94 +141 +256 +69 +208 +76 +120  +5 +99 +24 +121 +285  +7 +43 +112 +304 +218 +273 +216 +43 +112 +344 +176 +91 +273 +363  +4 +239 +204 +263 +43 +265 +108 +376 +93 +165 +187 +95 +354 +312 +351 +286 +281 +40 +258 +235 +396 +169 +111 +298 +112 +116 +26 +79 +251 +350 +309 +31 +153 +325 +76 +153 +35 +288 +45
+358 +398 +191 +87 +253 +159 +94 +181 +175 +273 +261 +194 +72 +249 +359 +109 +334 +315 +307 +138 +243 +328 +30 +312 +344 +72 +282 +37 +164 +207 +192 +279 +220 +353 +221 +102 +231 +351 +233 +199 +72 +27 +15 +393 +57 +378 +24 +140 +181 +245 +312 +220 +203 +209 +110 +303 +174 +320 +97 +104 +319 +139 +123 +106 +279 +344 +289 +193 +80 +372 +365 +301 +125 +11 +292 +92 +233 +190 +307 +173 +17 +336 +73 +388 +332 +183  +1 +111 +384 +329 +40 +121 +253 +358 +317 +277 +302 +277 +103 +278
+168 +57 +218 +57 +365 +57 +83 +18 +77 +55 +358 +141 +238 +250 +54 +121 +13 +30 +333 +369 +23 +135 +144 +87 +123 +119 +215 +187 +161 +285 +207 +356 +330 +112 +372 +203 +275 +169 +183 +241 +306 +248 +167 +371 +181 +289 +81 +335 +307 +103 +278 +231 +77 +64 +134 +26 +159 +102 +337 +253 +119 +54 +368 +351 +133 +253 +34 +136 +314 +44 +343 +222 +398 +376 +51 +138 +109 +336  +3 +242 +360 +109 +376 +349 +292 +276 +245 +280 +226 +100 +137 +21 +341 +398 +346  +1 +242 +75 +356 +61
+147 +113 +364 +102 +35 +311 +40 +123 +132 +222 +351 +201 +257 +345 +112 +211 +308 +334 +154 +80 +199 +377 +306 +27 +320 +10 +379 +76 +221 +325 +26 +264 +24 +184 +158 +373 +279  +7 +129 +234 +240  +0 +172 +359 +332 +158 +272 +169 +121 +80 +91 +371 +31 +265 +316 +233 +286 +182 +299 +147 +117 +32 +63 +49 +251 +296 +127 +344 +62 +320 +328 +135 +159  +5 +237 +19 +160 +195 +357  +2 +233 +81 +162 +270 +123 +265 +316 +226 +129 +348 +299 +298 +240 +212 +97  +9 +180 +124 +76 +17
+260 +50 +53 +56 +82 +76 +284 +246 +151 +284 +117 +220 +316 +28 +169 +176 +353 +250 +133 +20 +201 +107 +360 +203 +167 +304 +270 +134 +99 +399 +24 +210 +108 +50 +282 +132 +274 +349 +42 +23 +340 +184 +177 +13 +89 +72 +301 +395 +144 +360 +311 +297 +186 +341 +289 +23 +194 +93 +177 +336 +363 +17 +165 +329 +101 +286 +307 +359 +159 +395 +339 +199 +180 +34 +333 +306 +378 +226 +49 +84 +274 +19 +368 +170 +391 +312 +338 +222 +103 +46 +98 +385 +22 +158 +199 +210 +375  +7 +298 +307
+133 +287 +244 +17 +70 +294 +224 +86 +121 +105 +214 +289 +213 +178 +202 +64 +291 +90 +358 +386 +201 +192 +36 +222 +104 +389 +183 +219 +89 +210 +217 +310 +250 +376 +112 +111 +118 +307 +131 +88 +338 +177 +269 +373 +351 +313 +237 +321 +321 +251 +345 +346 +297 +166 +103 +243 +284 +78 +79 +345 +12  +5 +17 +65 +119 +211 +384 +53 +90 +290 +102 +275 +129 +384 +152 +271 +135 +287 +383 +12 +349 +205 +127 +67 +157 +122 +207 +161 +319 +178 +134 +266 +388 +341 +320 +246 +42 +173 +117 +366
+203 +170 +182 +127 +296 +36 +231 +112 +92 +195 +34 +13 +376 +282 +224 +29 +385 +77 +76 +16 +218 +317 +181 +11 +43 +213 +23  +7 +305 +394 +259 +78 +325 +148 +106 +138 +249 +86 +378 +397  +8 +47 +280 +247 +144 +116 +315 +147 +98 +50 +69 +214 +151 +120 +275 +85 +161 +59 +24 +150 +375 +147 +389 +90 +332 +28 +121 +251 +239 +49  +4 +223 +327 +275 +262 +395 +69 +181 +319 +84 +49 +110 +394 +147 +152 +60 +317 +206 +222 +330 +229 +303 +41  +9 +266 +148 +195 +214 +328 +166
+92  +7 +159 +182 +188 +112 +136 +168 +324 +293 +379 +164 +192 +210 +266 +199 +79 +238 +256 +267 +108 +276 +190  +0 +85 +271 +155 +177 +36 +304 +21  +4 +227 +290 +216 +350 +252 +44 +182 +14 +197 +193 +87 +283 +252 +234 +323 +374 +22 +172 +246 +175 +236 +135 +93 +365 +18 +110 +18 +178 +264 +182 +298 +190 +132 +177 +90 +301 +148 +277 +126 +206 +320 +329 +324 +248 +69 +298 +129 +60 +42 +163 +80 +159 +21 +121 +242 +268 +233 +388 +142 +106 +375 +151 +365 +234 +192 +398 +82 +240
+384 +29 +58 +330 +41 +171 +97 +127 +379 +210 +293 +267  +3 +300 +71 +281 +67 +122 +165 +360 +41 +36 +83 +272 +187 +394 +307 +268 +299 +333 +196 +139 +114 +293 +257 +126 +368 +247 +389 +122 +219 +98 +145 +12 +314 +135 +13 +187 +383 +262 +381 +95 +334  +6 +326 +114 +62 +82 +268 +162 +383 +121 +159 +340 +311 +96 +204 +126 +145 +386 +242 +30 +260 +145 +231 +194 +256 +199 +330 +162 +332 +277 +339 +80 +313 +361 +233 +247 +216 +117 +233 +26 +228  +7 +37 +177 +81 +213 +60 +117
+382 +108 +53 +28 +217 +56 +322  +1 +349 +188 +397 +290 +232 +348 +87 +185 +279 +276 +108 +100 +108 +240 +55 +320 +172 +163 +123 +220 +391 +21 +257 +221 +264 +160 +332 +358 +172 +262  +8  +2 +216 +311 +151 +126 +52  +3 +369 +198 +67 +300 +84 +174 +349 +186 +63 +228 +373 +284 +53 +214 +299 +345 +149 +65 +215 +62 +139 +122 +297 +59 +30 +327 +266 +250 +346 +38 +219 +267 +228 +290 +259 +356 +184 +48 +284 +308 +82 +234 +289 +183 +99 +70 +47 +275 +338 +193 +290 +342 +368 +267
+250 +254 +79 +15 +331 +85 +236 +390 +23 +180  +6 +209 +90 +242 +380 +324 +343 +302  +8 +317 +236 +85 +99 +39 +260 +27 +396 +126 +35 +365 +342 +393 +316 +199 +62 +298 +236 +138 +102 +36 +197 +81 +275 +306 +165 +209 +116 +289 +166 +124 +372 +369 +220 +21 +329 +387 +376 +246 +82 +182 +37 +150 +284 +33 +349  +1 +122 +207 +145 +227 +292 +151 +49 +113 +15 +188 +141 +224 +348 +106 +393 +136 +227 +245 +356 +309 +24 +395 +307 +59 +348 +354 +67 +245 +378 +266 +333 +290 +387 +90
 +0 +355 +18 +44 +229 +170 +295 +196 +156 +95 +188 +139 +190 +125 +51 +224 +185 +118 +97  +3 +37 +97 +150 +21 +164 +285 +33 +384 +50 +345 +300  +2 +102 +29 +278 +158 +359 +268 +168 +270 +279 +149 +263 +63 +134 +161 +320 +200 +159 +386 +55 +117 +97 +232 +268 +91 +74 +360 +150 +274 +339 +144 +53 +252 +390 +108 +190 +368 +399 +359 +108 +374 +187 +245 +171 +12 +221 +189 +113  +2 +97 +281 +123 +100 +261 +111 +35 +244 +315 +276 +277 +326 +370 +385 +204 +162 +258 +110 +321 +250
+54 +368 +192 +306 +231 +62 +278 +269 +124 +122 +154 +286 +374 +133 +122 +62 +393 +395 +395 +91 +97 +379 +206 +47 +248 +368 +372 +97 +59 +182 +397 +364 +234 +78 +231 +301 +144 +317 +122 +301 +56 +201 +76 +159 +315 +326 +93 +49 +171 +39 +78 +232 +357 +250 +146 +168 +243 +80 +321 +138 +302 +120 +250 +90 +154 +25 +180 +51 +101 +357 +373 +32  +9 +148 +394 +188 +47  +3 +218 +384 +190 +249 +36 +200 +248 +43 +351 +168 +393 +43 +239 +36 +298 +49 +321 +189 +114  +3 +241 +334
+68 +165 +337 +336 +326 +114 +273 +22 +230 +177 +217 +10 +399 +393 +282 +90 +302 +164 +154 +381 +106 +306  +1 +203 +94 +189 +154  +6 +313 +37 +62 +300 +69 +297 +373 +283 +116 +13 +327 +278 +266 +278 +349 +239 +104 +180 +92 +138 +31  +7 +81 +119 +247 +311 +322 +240 +34 +202 +85 +75 +73 +237 +96 +149 +353 +276 +192 +266 +98 +206 +38 +255 +325 +352 +374 +44 +365 +60 +201 +318 +334 +126 +75 +73 +131 +284 +241 +103 +158 +24 +338 +119 +372  +0 +121 +97 +197 +59 +170 +60
+223 +384 +115 +303 +63 +280 +172 +61 +309 +134 +194 +209 +11 +347 +311 +152 +226 +392  +6 +217 +148 +267 +171 +141 +97 +148 +299 +315  +3 +105 +32 +82 +231 +313 +55 +304 +130 +153 +13 +10 +44 +387 +260 +79 +38 +87 +144 +92 +58 +73 +66 +170 +113 +19 +13 +15 +189 +356 +343 +183 +127 +379 +79 +82 +116 +74 +38 +395 +70 +300 +49 +109 +201 +280 +249 +350 +289 +174 +162 +320 +92 +149 +335 +22 +143 +388 +52 +302 +173 +389 +253 +278 +312 +115 +261 +56 +234 +57 +349 +78
+69 +103 +205 +213 +314 +148 +99 +25 +329 +347 +214 +137 +203 +392 +196 +332 +388 +168 +130 +165 +196 +67 +188 +113 +377 +45 +208 +57 +46 +43 +265 +171 +371 +24 +62 +261 +352 +224 +383 +393 +28 +83 +332 +126 +158 +224 +196 +122 +74 +32 +163 +203 +223 +283 +76 +56 +120 +46 +42 +120 +27 +192 +195 +393 +206 +53 +47 +94 +272 +344 +79 +277 +227 +87  +7 +100 +171 +342 +200  +6 +210 +93  +1 +256 +348 +11 +372 +151 +10 +116 +326 +214 +49 +191 +186 +77 +252 +62 +389  +4
+174 +297 +245 +301 +104 +349 +95 +91 +86 +241 +125  +2 +399 +195 +198 +23 +330 +23 +291 +314 +41 +204 +72 +196 +143 +132 +128 +50 +225 +335 +389 +131 +176 +399 +43 +13 +190 +242 +195 +139 +98 +115 +213  +2 +181 +214 +95 +256 +207 +389 +45 +202 +44 +168 +25 +188 +194 +369 +132 +60 +103 +387 +23 +273 +110 +77 +115 +214 +129 +211 +269 +275 +302 +77 +234 +90 +271 +26 +105 +397 +336 +16 +209 +391 +310 +116 +246 +336 +206 +95 +14 +69 +213 +273 +79 +356 +355 +238 +359 +226
+396 +103 +85 +174 +87 +290 +398 +354 +29 +180 +363 +174 +244 +138 +340 +389 +296 +315 +244 +130 +154 +354 +308 +69 +150 +392 +52 +192 +209 +373 +142 +384 +396 +393  +8 +176 +11 +210 +199 +67 +204 +328 +250 +243 +105  +0 +82 +227 +382 +244 +199 +386 +210 +215 +301 +74 +92 +335 +32 +39 +45 +271 +132 +169 +201 +52 +373 +322 +20 +248 +121 +213 +183 +378 +324 +133 +341 +181 +33 +144 +157 +212 +262 +173 +136 +157 +338 +118 +95 +353 +205 +106 +219 +356 +237 +231 +396 +308  +9 +109
+288 +343 +331 +184 +252 +159 +59 +159 +93 +209 +263  +6 +345 +173 +375 +272 +61 +64 +221 +60 +392 +188 +319 +303 +251 +21 +152 +161 +49 +39 +297 +336 +122 +376 +254 +267 +203 +91 +62 +289 +69 +69 +396 +107 +63 +155 +244 +385 +106 +390 +118 +314 +68 +239 +351 +307 +376 +372 +166 +145 +314 +138 +115 +178 +333 +324 +310 +364 +264 +77 +21 +140 +193 +373 +13 +118 +121 +134 +308  +8 +252 +69 +312 +164 +15 +220 +300 +242 +29 +379 +210 +125 +156 +268 +117 +172 +82 +263 +203 +327
+57 +252 +136 +278 +11 +159 +169 +24 +253 +143 +199 +146 +93 +42 +128 +136 +246 +12 +372 +32 +370 +372 +320 +128 +256 +221 +297 +109 +362 +37 +327 +148 +189 +25 +102 +231  +2 +389 +242 +86 +51 +155 +79 +141 +331 +379 +181 +16 +122 +35 +392 +197 +351 +41  +9 +276 +227 +125 +303 +64 +355 +90 +203 +166 +328 +181 +281  +3 +139 +88 +228  +1 +234 +22 +134 +177 +125 +274 +259 +206 +189 +377 +133 +102 +315 +245 +351 +248 +94 +307 +346 +214 +125 +43 +278 +266 +363 +13 +127 +176
+117 +252 +292 +218 +159 +168 +301 +237 +336 +202 +330 +376 +398 +344 +234 +307 +340 +366 +49 +284 +265 +312 +152 +197 +35 +399 +268 +72 +333 +269 +168 +12 +197 +151 +136 +221 +91 +128 +196 +315 +150 +323 +64 +179  +6 +191 +248 +146  +6 +79 +48 +382 +131 +19 +376 +323 +363 +235 +158 +278 +205  +4 +180 +341 +303 +180 +208 +282 +186 +252 +176 +148 +222 +292 +157 +46 +188 +325 +169 +323 +181 +316 +325 +304 +358 +189 +183 +145 +349 +271 +84 +382 +146 +262 +73 +195 +247 +173 +61 +246
+206 +176 +33 +343 +135 +140 +92 +112 +302 +363 +378 +210 +271 +367 +249 +95 +38 +341 +295 +194 +48 +194 +20 +215 +88 +324 +326 +243 +134 +53 +191 +18 +84 +13 +386 +109 +94 +41 +99 +93 +141 +356 +206 +216 +262 +340 +130 +243 +34 +210 +348  +6 +103 +59 +191 +350 +265 +344 +114 +236 +321 +236 +45 +67 +197 +79 +300 +359 +320 +392 +365 +41 +374 +396 +291 +166 +259 +232 +187 +317 +57 +110 +194 +340 +353 +114 +170 +37 +273 +166 +24 +352 +383 +368 +57 +280 +369 +328 +39 +336
 +4 +37 +346 +233 +248 +205 +274 +294 +176 +371 +280  +5 +256 +112 +65 +205 +329 +145 +87 +20 +125 +43 +114 +48 +217 +286 +386 +74 +59 +389 +252 +20 +171 +223 +231 +99 +123 +196 +61 +277 +366 +128 +114 +253 +182 +200 +30 +383 +395 +115 +395 +366 +89 +196 +357 +102 +57 +382 +155 +356 +299 +140 +102 +309 +296 +197 +239 +122 +313 +293 +300 +13 +317 +227 +258 +214 +234 +279 +362 +308 +65 +383 +137 +201 +312 +24 +280 +372 +387 +273 +23 +323 +60 +359 +395 +205 +114 +104 +323 +178
+103 +305 +211 +197 +202 +367 +367 +34 +226 +62 +151 +116 +178 +172 +78 +80 +70 +281 +34 +139 +278 +74 +242 +45 +259 +80 +288 +385 +184 +138 +196 +215 +52 +323 +171 +341 +390 +381 +282  +6 +226 +158 +52 +145 +334 +261 +45 +265 +378 +177 +234 +293 +190 +268 +136 +349 +236 +249 +297 +114 +56 +103 +362 +136 +79 +69 +233 +138 +169 +279 +384 +144  +3 +339 +30 +22 +299 +207 +191 +311 +343 +202 +14 +158 +107 +81 +336 +173 +128 +261 +29 +390 +61 +358 +94 +243 +238 +39 +74 +46
+141 +159 +143 +274 +361 +345 +276 +227 +43 +171 +364  +5 +102 +389 +311 +102 +392 +87 +262 +264  +2 +62 +243 +38 +46 +71 +214 +143 +68 +234 +53 +30 +191 +83 +107 +290  +3 +346 +27 +221 +309 +170  +2 +289 +303 +342 +370 +215 +399 +174 +389 +200 +61 +248 +72 +50 +138 +390 +12 +57 +22 +224 +351  +0 +27 +372 +140 +81 +331 +82 +361 +169 +124 +30 +77 +164 +140 +49 +271 +239 +197 +107 +170 +83 +373 +221 +137 +354 +394 +302 +21 +274 +146 +65 +69 +272 +176 +307 +310 +98
+159 +384 +206 +354 +264 +137 +205 +246 +110 +189 +129 +21 +150 +375 +395 +392 +41 +225 +279 +69 +323 +240 +272 +38 +40 +52 +44 +31 +109 +293 +19 +269 +218  +7 +285 +310 +284 +354 +173 +260 +359 +271 +287 +86 +333  +4 +166  +0 +376 +388 +346 +121 +314 +310 +91 +356 +39 +300 +382 +180 +224 +128 +201 +340 +129 +215 +381 +13 +110 +115 +255 +145 +161 +108 +52 +185 +353 +309 +221 +352 +292 +249 +214 +298 +105 +119  +9 +354 +125 +355 +381 +194 +300 +15 +216 +308 +253 +387 +384 +173
+223 +371 +253 +284 +326 +141 +256 +196 +310 +108 +364 +50 +271 +237 +268 +261 +116 +285 +119 +159 +179 +258 +142 +181 +61 +191 +385 +228 +102 +254 +353 +227 +301  +6 +252 +120 +221 +310 +294  +0 +78 +103 +110 +227 +113 +74 +297 +163 +151 +53 +185 +305 +64 +372 +160 +235 +239 +30 +377 +355 +310 +383 +239 +346 +221  +4 +239 +255 +309 +285 +74 +134 +187 +316 +306 +223 +86 +190 +356 +321 +80 +210 +208 +165 +305 +178 +55 +132 +322 +277 +368 +223 +320 +204 +281 +290 +61 +260 +176 +18
+352 +209 +79 +15 +258 +101 +87 +307 +89 +293 +303 +331 +18 +102 +115 +96 +19 +12  +6 +227 +351 +386 +284 +220 +372 +307 +52 +111 +217 +324 +300 +236 +224 +262 +369 +204 +58 +366 +151 +365 +264 +279 +28 +220 +195 +192 +376 +292 +164 +126 +72 +199 +109 +168 +158 +110 +305 +254 +120 +255 +219 +25 +223 +14 +211 +164 +348 +173 +340 +369 +246 +294 +200 +317 +39 +123 +38 +221 +282 +331 +302 +356 +305 +99 +165 +363 +178 +288 +158 +330 +383 +321 +349 +191 +269 +212 +247 +344 +181 +42
+15 +375 +252 +16 +208 +138 +102 +372 +304 +59 +336 +297 +284 +324 +169 +150 +197  +3 +170 +45 +353 +247 +371 +294 +111 +188 +105 +352 +173 +363 +265 +276 +290 +279 +384 +173 +185 +391 +199 +308 +238 +210 +172 +67 +232 +270 +177 +365 +14 +22 +365 +61 +302 +184 +98 +182 +97 +206 +28 +117 +77 +256  +8 +104 +387 +219 +62 +370 +80 +239 +123 +198 +342 +236 +149 +18 +274 +164 +107 +58 +221 +260 +201 +171 +302 +95 +74 +77 +53 +29 +178 +126 +252 +11 +284 +57 +152  +2 +301 +56
+308 +257 +220 +54 +301 +14 +39 +236 +288 +141 +178 +31 +356 +60 +93 +65 +284 +17 +150 +236 +118 +233 +58 +385 +133 +157 +374 +337 +17 +23 +373 +258 +345 +238 +385 +313 +210 +41 +327 +253 +100 +254 +24 +176 +371 +87 +231 +20 +106 +358 +60 +200  +8 +41 +249 +327 +140 +296 +77 +392 +158 +202 +341 +236 +262 +62 +372 +284 +50 +369 +315 +273 +141 +228 +385 +89 +233 +163 +223  +7 +196 +242 +259 +90 +84 +230 +387 +320 +207 +279 +334 +156 +99 +387 +274 +245 +356 +124 +90 +312
+373 +365 +72 +388 +129 +288 +111 +148 +87 +115 +277 +237 +396 +219 +375 +197 +17 +374 +191 +218 +226 +287 +223 +190 +30 +163 +22 +166 +300  +4 +107 +379 +75 +309 +16 +221 +263 +394 +388  +5 +186 +18 +287 +322 +146 +369 +330 +123 +182 +244 +233 +61 +45  +6 +293 +315 +242 +47 +17 +88 +347 +176 +207 +278 +308 +140 +192 +287 +33 +172  +6 +157 +131 +316 +245 +398 +293 +259 +375 +331 +390 +85 +126 +172 +308 +164 +110 +25 +46 +138 +250 +271 +72 +188 +334 +202 +105 +309  +1 +261
+183 +240 +372 +20 +167 +393 +242 +12 +258 +155 +120 +184 +279 +184 +372 +173 +393 +249 +254 +30 +295 +68 +288 +334 +241 +337 +338 +109 +339 +155 +364 +60 +381 +312 +318 +198 +106 +379 +54 +180  +5 +242 +275 +138 +182 +281 +31 +16 +186 +395 +311 +164 +44 +126 +267 +130 +235 +257 +392 +41 +327 +103 +132 +185 +294 +308 +82 +224 +253 +325 +280 +213 +228 +41 +193 +258 +233  +8 +269 +387 +67 +360 +58 +24 +80 +171 +21 +261 +346 +124 +45 +344 +52  +8 +194 +92 +193 +189 +112 +258
+146 +164 +31 +132 +209 +119 +327 +395 +246 +228 +355 +275 +284 +20 +349 +145 +355 +96 +131 +50 +389 +299 +194 +286  +5 +229 +99 +393 +338 +104 +200  +2 +340 +265 +281 +225 +100 +22 +40 +367 +319 +147 +318 +124 +297 +337 +195 +336 +141 +302 +168 +25 +320 +180 +165 +362 +313 +201 +330 +81 +391 +375 +21 +267 +315 +201 +146 +284 +269 +369 +260 +71 +58 +266 +32 +330 +57 +135 +280 +387 +339 +220 +263 +255 +330 +366 +163 +204 +134 +173 +199 +352 +120 +325  +6 +52 +148 +144 +206 +166
+301 +291 +18 +289 +181 +82 +247 +312 +273 +353 +271 +128 +115 +312 +213 +242 +223 +127 +128 +101 +220 +70 +111 +25 +44 +286 +315 +111 +24 +300 +164 +351 +37 +308 +289 +379 +170 +255 +152 +171 +354 +242 +265 +31 +119 +31 +390 +376 +75 +314 +360 +197 +123 +13 +109 +101 +66 +167 +378 +250 +362 +199 +59 +83 +239 +57  +6 +163 +192 +94 +87 +157 +132 +215 +338 +70 +266 +160 +304 +149 +196 +159 +246 +203 +159 +330 +301 +221 +140 +392 +262 +101 +51 +244 +139 +98 +19 +42 +129 +119
+176 +158  +8  +2 +95 +34 +290 +286 +218  +3 +162 +51 +257 +317 +252 +368 +151 +147 +218 +294  +0 +393 +59 +264 +310 +226 +375 +200 +92 +70 +291 +394 +270 +158 +349 +135 +238 +189 +151 +214 +372 +377 +184 +355 +247 +329 +338 +197 +139 +161 +42 +99 +155 +144 +375 +325 +204 +393 +290 +243 +226 +185 +305 +257 +393 +205 +122 +279 +61 +67  +3 +136 +89 +72 +302 +71 +269 +274 +38 +46 +100 +301 +87 +251 +392 +387 +46 +10 +291 +98 +337 +390 +296 +177 +173 +145 +38 +348 +361 +334
+32 +279 +89 +389 +218 +195 +378 +208 +167 +172 +384 +322 +380 +392 +142 +131 +62 +330 +262 +219 +147 +196 +137 +214 +254 +245 +12 +33 +126 +295 +85 +135 +184 +151 +67 +119 +17 +368 +158 +311 +159 +314 +213 +272 +273 +137 +151 +60 +201 +193 +237 +275  +8 +95 +204  +4 +179 +373 +234 +39 +103 +201 +149 +334 +242 +328 +192 +381 +248 +339 +332 +158 +161 +269 +24 +217 +92 +227 +50 +308 +345 +27 +77 +22 +254 +167 +193 +370 +381 +10 +282 +205 +363 +106 +75 +94 +338 +206 +104 +374
+317 +389 +340 +320 +178 +273 +174 +176 +312 +109 +281 +393 +153 +250 +248 +367 +160 +328 +75 +177 +15 +119 +268 +119 +194 +369 +181 +74 +295 +389 +223 +267 +268 +343 +312 +15 +68 +70 +283 +19 +108 +135 +285 +309 +86 +26 +350 +33 +318 +188 +299 +60 +167 +92 +266 +100 +89 +167 +86 +327 +310 +142 +18 +157 +208 +254 +337 +11 +13 +137 +78 +276 +384 +317 +295  +2 +382 +269 +183 +396 +260 +234 +87 +395 +227 +131 +80 +165 +273 +144 +322 +98 +110 +323 +281 +99 +308 +363 +232 +362
+57 +276 +10 +247 +379 +34 +237 +289 +318 +33 +145 +218 +172 +180 +112 +168 +339 +281 +375 +362 +363 +299 +395 +249 +242 +340 +280 +389 +146 +359 +176 +327 +144 +295 +107 +213 +201 +307 +230 +221 +210 +376 +29 +15 +273 +175 +246 +110 +200 +109 +242 +60 +148 +288 +103 +234 +15 +309  +0 +276 +143 +10 +160 +204 +225 +72 +269 +284 +307 +333 +51 +223 +150 +124 +217 +377 +189  +3 +118 +158 +25 +105 +192 +142 +283 +245 +214 +224 +311 +19 +236 +357 +376 +332 +185 +224 +345 +294 +97 +253
+171 +140 +149 +190 +290 +98 +98 +114 +129 +373 +187 +25 +203 +335 +289 +387 +74 +103 +116 +161 +30 +129 +65 +186 +88 +164 +15 +127 +327 +138 +159 +79 +211 +40 +156 +132 +180 +105 +396 +297 +53 +104 +176 +292 +29 +344 +110 +244 +135 +307 +393 +229 +39 +305 +162 +288 +90 +233 +151 +275 +142 +188 +132 +271 +392 +231 +111 +153 +318 +252 +295 +392 +268 +391 +18 +16 +335 +385 +15 +269 +372 +358 +212 +249 +352 +399 +85 +212 +87 +244 +167 +227 +40 +373 +186 +65 +337 +192 +81 +280
+32 +67 +273 +186 +309 +245 +200 +213 +278 +298 +223 +69 +255 +82 +163 +58 +62 +365 +181 +64 +223 +382 +223 +172 +379  +8 +377 +103 +332 +281 +253 +308 +290 +378 +253 +247 +49 +32 +327 +310 +129 +166 +246 +191 +199 +67 +140 +121 +235 +182 +171 +23 +116 +125 +334 +183 +32 +283 +76 +306 +276  +8 +312 +58 +220 +249 +95 +37  +7 +287 +92 +322 +346 +255 +379 +18 +241 +16 +52 +114 +352 +27 +167 +169 +117 +19 +43 +306 +137 +158 +366 +199 +22 +380 +21 +274 +75 +61 +302  +0
+367 +392 +259 +253 +126 +92 +266 +124 +317 +228 +147 +328 +242 +385 +194 +88 +150 +166 +319 +168 +98 +25 +381 +194 +247 +162 +79 +48 +118 +265 +345 +358 +165 +73 +126 +36 +118 +227 +296 +81 +372 +286 +333 +53 +373 +250 +204 +256 +232 +18 +72 +202 +32 +238 +376 +363 +332 +396 +32 +295 +112 +230 +54 +25 +126 +110 +383 +399 +391 +229 +374 +358 +311 +238 +81 +124 +350 +29 +16 +301 +388 +65 +93 +141 +53 +325  +7 +177 +269 +333 +173 +313 +366 +377 +352 +209 +260 +212 +245 +310
+368 +85 +328 +340 +395 +73 +393 +360 +351 +54 +398 +189 +337 +266 +241 +389 +123 +55 +167 +204 +113 +240 +96 +79 +104 +64 +124 +347 +238 +102 +308 +349 +385 +110 +267 +259 +56  +6 +325 +397 +194 +40 +119 +387 +22 +256 +349 +134 +363 +160 +145 +356 +74 +332 +394  +9 +324 +137  +9 +368 +229 +367 +299 +323 +297 +110 +80 +12 +361 +248 +189  +0 +284 +148 +348 +255 +203 +345 +199 +126 +232 +144 +387 +150 +326 +348  +7 +87 +150 +231 +236 +335 +236 +82 +75 +60 +38 +156 +137  +6
+50 +75 +111 +276 +224 +306 +69 +367 +252 +91 +280 +266 +138 +200 +369 +167 +173 +139 +108 +48 +66 +322 +23 +131 +122 +289 +113 +83 +172 +200 +325 +394 +138 +315 +105 +374 +22 +300 +28 +359 +357 +335 +193 +96 +32 +151 +135 +36 +115 +199 +321 +398 +300 +330 +345 +81 +47 +239 +284 +335 +212 +247 +222 +63 +116 +144 +353  +0 +17 +282  +6 +113 +76 +360 +196 +319 +141 +22 +59 +263 +326 +129 +54 +172 +181 +287 +181 +12 +132 +240 +331 +121 +325 +270 +10 +138 +229 +98 +358 +211
+117 +360 +333 +116  +4 +63 +37 +209 +247 +259 +375 +162 +75 +23 +148 +78 +37 +245 +120 +252  +0 +245 +254 +175 +187 +376  +9 +190 +133 +173 +124 +226 +292 +356 +292 +396 +39 +361 +178 +150 +259 +301 +212 +178 +223 +171 +16 +56 +340 +137 +337 +317 +128 +350 +128 +163 +306 +304 +200 +354 +102 +69 +277 +358 +214 +94 +370 +163 +130 +155 +125 +92 +130 +305 +306 +61 +69 +370 +355 +170 +97 +346 +313 +301 +33 +196 +182 +388 +355 +357 +235 +284 +313 +35 +336 +76 +219 +96 +173 +227
 +7 +136 +135 +119 +252 +377 +215 +94 +88 +111 +16 +344 +374 +51 +140 +17 +276 +94 +138 +221 +37 +171 +156 +301 +30 +288 +55 +264 +157 +303 +260 +111 +298 +99  +4 +360 +291 +338 +345 +209 +148 +275 +54 +384 +265 +303 +216 +249 +223 +376 +119 +109 +229 +299 +258 +90 +274 +179 +334 +315 +39 +329 +125 +115 +22 +211 +107 +323 +192 +19 +371 +183 +247 +373 +375 +197 +279 +28  +7 +327  +9 +357 +164 +358 +261 +197  +1 +390 +71 +255 +236 +304 +252 +295 +272 +357 +384 +45 +128 +11
+373 +196 +232 +179 +339 +160 +246 +284 +223  +9 +314 +254 +153 +294 +258 +122 +274 +334 +342 +147 +299 +30 +178 +60 +354 +74 +318 +58 +79 +226 +130 +268 +355 +346 +305 +357 +365 +24 +208 +233 +259 +242 +238 +250 +348 +54 +393 +170 +98 +89 +112 +239 +159 +348 +236 +307 +132 +374 +298 +71 +341 +46 +61 +39 +347 +195 +263 +267 +369 +94 +163 +161 +99  +4 +130 +153 +354 +200 +181 +27 +123 +240 +253 +224 +77 +314 +239 +289 +132 +396 +149 +247 +197 +149 +118 +30 +22 +44 +237 +340
+202 +262 +223 +56 +57 +325 +212 +32 +104 +272 +152 +174 +271 +98 +303 +135 +67 +268 +53 +358 +111 +180 +370 +369 +315 +308 +134 +56 +302 +362 +213 +82 +261 +354 +146 +120 +294 +253 +24 +177 +397 +255 +298 +365 +108 +375 +309 +398 +41 +132 +29 +70 +176 +358 +146 +286 +370 +248 +31 +67 +178 +136 +80 +118 +328 +212 +360 +277 +132 +321 +279 +64 +109 +303 +275 +354 +65 +313 +230 +331 +298 +128 +158 +262 +345 +138 +46 +303 +294 +254 +87 +156 +300 +215 +132 +306 +141 +62 +340 +336
+391 +87 +304 +39 +179 +307 +165  +1  +2 +259 +223 +246 +136 +45 +374 +109 +147 +71 +263 +83 +67 +241 +62 +64 +84 +266 +178 +335 +380 +173 +398 +382 +46 +382 +324  +2 +97 +361 +266 +311 +307 +132 +233 +135 +191 +113 +150 +100 +364 +308 +149 +29 +313 +366 +164 +257 +189 +399 +278 +388 +107 +292 +267 +203 +384 +147 +289 +185 +213 +328 +65 +134 +71 +85 +35 +364 +300 +344 +21 +380 +48 +332 +130 +82 +52 +82 +67 +152 +133 +189 +214 +367 +183 +267 +303 +365 +230 +303 +216 +122
+286 +243 +130 +352 +376 +136 +231 +91 +165 +377 +213 +370 +362 +229 +192 +165 +336 +123 +194 +286 +395 +68 +69 +191 +84 +241 +96 +74 +234 +319 +67 +97 +147 +29 +18 +261 +65 +106 +58 +246 +161 +147 +25 +147 +228 +118 +99 +174 +133  +3 +105 +330 +14 +365 +123 +162 +141  +2 +335 +310 +202 +377 +337 +383 +396 +268 +362 +235 +318 +36 +367 +264 +104 +253 +368 +292 +181 +282 +210 +277 +41 +208 +86 +193 +386 +226 +349 +235 +30 +245 +346 +21 +192 +55 +343 +206 +178 +249 +144 +247
+58  +2 +142 +378 +75 +198 +367 +243 +358 +269 +227 +83 +353 +314 +56 +90 +140 +121  +9 +304 +380 +183 +88 +284 +236 +188 +348 +102 +78 +330 +263 +139 +230 +13 +249 +189 +314 +232 +350 +63 +49 +283 +69 +126 +211 +152 +353 +357 +255 +294 +305 +301 +243 +147 +304 +295 +158 +300 +365 +23 +162 +255 +146 +39 +103 +136 +17 +56 +374 +90 +32 +283 +152 +11 +34 +106 +301 +97 +307 +207 +391 +108 +189 +71 +14 +191 +175 +130 +138 +124 +177 +152 +357 +256  +7  +1 +72 +49 +148 +378
 +2 +377 +199 +237 +176 +255 +30 +34 +46 +325 +98 +125 +117 +185 +215 +124 +32 +349 +366 +129 +184 +204 +213 +188 +161 +70 +124 +397 +397 +293 +204 +271 +340 +98 +204 +266 +331 +325 +277 +17 +72 +220 +184 +293 +313 +382 +15 +77 +73 +43 +348 +138 +52 +62 +153  +3 +53 +127 +172 +73 +278 +118 +191 +370 +293 +396 +255 +216 +131 +250 +296 +90 +297 +378 +194 +397 +128 +195 +317 +35 +277 +258 +167 +158 +148 +185 +59 +349 +178 +70 +342 +171 +378 +355 +378 +145 +100 +19 +18 +85
+52 +243 +60 +12 +88 +211 +212 +92 +124 +375 +275 +394 +348  +8 +248 +306 +115 +15 +285 +275 +327 +294 +266 +179 +105 +278 +340 +83 +255 +337 +18 +323 +394 +133 +56 +81 +354 +370 +218 +129 +259 +248 +245 +100 +278 +192 +24 +98 +79 +255 +293 +123 +306 +223 +83 +341 +284 +383 +80 +157 +329 +277 +316 +318 +153  +4 +374 +18 +176 +263 +261 +351 +52 +71 +74 +147 +95 +337 +101 +35 +108 +373 +329 +68 +10 +392 +91 +379 +221 +286 +320 +279 +73 +160 +69 +357 +260 +309 +185 +286
+48 +118 +363 +130 +268 +88 +102 +320 +296 +17 +99 +167 +171 +98 +184 +131 +256 +365 +384 +283 +366 +113 +391 +20 +170 +144 +20 +338 +264 +338 +294 +128 +79 +314 +71 +383 +168 +25 +72 +277 +109  +7 +202 +272 +348 +374 +396 +96 +330 +205 +226 +66 +141 +84 +42 +158 +210 +357 +368 +169 +156 +173 +242 +246 +305 +299 +283 +71 +109 +117 +256 +344 +119 +373 +219 +365 +288 +281 +69 +154 +93 +369 +368 +116 +72 +359 +365 +247 +74 +332 +171 +320 +263 +255 +291 +383 +86 +244 +215 +28
+219 +167 +199 +336 +246 +49 +159 +11 +334 +237 +364 +60 +395 +114 +182 +354 +366 +32 +169 +83 +125 +95 +26 +254 +55 +170 +80 +156 +152 +232 +99 +282 +340 +28 +137 +385 +320 +219 +330 +127 +39 +195 +69 +290 +203 +166 +340 +117 +61 +238 +349 +24 +237 +209 +114 +213 +157 +372 +77 +47 +144 +159 +217 +333 +362 +239 +373 +284 +253 +339 +99 +293 +134 +12 +142 +317 +109 +398 +350 +40 +179 +345 +60 +181 +90 +364 +138 +231 +253 +268 +261 +155 +345 +345 +298 +207 +99 +392 +388 +189
+24 +256 +163 +396 +67 +21 +326 +277 +178 +74 +371 +307 +281 +239 +380 +64 +359 +257 +109 +352 +371 +92 +55 +337 +191 +31 +336 +364 +353 +31 +64 +55 +353 +349  +5 +121 +376 +366 +176 +150 +146 +320 +49 +59 +136 +118 +372 +203 +333 +267 +61 +33 +110 +156 +53 +217 +86 +174 +13 +212 +352 +40 +122 +28 +334 +168 +61 +336 +74 +225 +159 +339 +44 +216 +237 +162 +14 +321 +38 +245 +234 +364 +241 +170 +245 +358 +83 +172 +158 +95 +273 +203 +82 +339 +118 +164 +378 +205 +119 +43
+95 +266 +92 +56  +7 +258 +349 +194 +217 +271 +380 +57 +256 +346 +270 +73 +127 +144 +173 +302 +159 +12 +42 +265 +326 +294 +203 +272 +80 +21 +212 +311 +286 +130 +177 +388 +139 +188 +239 +275 +324 +71 +188 +46 +199 +127 +370 +23 +27 +164 +199 +124 +386 +29 +386 +90 +232 +64 +190 +361 +339 +47 +175 +213 +51 +346 +228 +267 +301 +376 +104 +308 +100 +64 +59 +338 +297 +251 +321 +139 +195 +357 +276 +165 +292 +221 +342 +206 +20 +205 +194 +363 +45 +197 +65 +366 +316  +1 +197 +55
+307 +162 +174 +221 +346 +132 +133 +172 +311 +72 +270 +17 +375 +169 +89 +278 +376 +124 +74  +7 +179 +306 +190 +346 +324 +375 +167 +134 +150 +51 +55 +377 +203 +315 +392 +269 +337 +276 +39 +275 +352 +23 +40 +83 +254 +78 +289 +357 +12 +311 +314 +390 +179 +110 +266 +361 +71 +111 +127 +56 +282 +103 +353 +314 +205 +345 +308 +68 +160 +99 +399 +84 +350 +342 +303 +251 +187 +346 +276 +336 +68 +315 +49 +127 +48 +61 +92 +399 +338 +204 +146 +283 +31 +166 +189 +262 +64 +77 +358 +306
+162 +25 +301 +132 +117 +139 +18 +224 +162 +363 +29 +366 +214 +247 +74 +96 +105 +214 +198 +177 +210 +384 +150 +142 +94 +127 +265 +394 +361 +16 +267 +274 +162 +15 +168 +38 +71 +267 +93 +164 +321 +337 +174 +330 +95 +218 +251 +179 +237  +8 +86 +205 +251 +156 +164 +393 +37 +31 +150 +243 +291 +244 +274 +261 +114 +118  +1 +73 +360 +215 +334 +348 +22 +290 +200 +131 +180 +27 +63 +50 +190 +282 +103 +41 +33 +80 +39 +398 +199 +221 +145 +155 +209 +216 +382 +249 +349 +245 +110 +378
+55 +392 +303 +257 +38 +249 +292 +105 +265 +150 +365 +186 +347 +43 +47 +79 +279 +289 +270 +200 +340 +260 +152 +44 +115 +190 +157 +229 +345 +72 +103 +199  +0 +47 +241 +261 +164 +254 +326 +197 +389 +179 +74 +19 +71 +217 +186 +181 +219 +75 +371 +213 +244 +313 +297 +253 +127 +50 +335 +276 +256 +249 +396 +181 +359 +275 +366 +266 +136 +197 +143 +68 +309 +118 +141 +50 +194 +109 +119 +187 +151 +162 +274 +112 +315 +274 +59 +350 +235 +203  +5 +368 +280 +266 +211 +192 +193 +16 +112 +383
+298 +336 +204 +320 +356 +337 +195 +65 +225 +390 +261 +265 +178 +146 +138 +370 +46 +72 +25 +213 +129 +386 +295 +230 +271 +109 +23 +38 +174 +119 +254 +281 +287 +374 +93 +113 +171 +118 +305 +108 +247 +20 +197 +43 +69 +260 +57 +234 +32  +2 +183 +182 +66 +261 +54 +147 +245 +369 +323 +19 +258 +234 +267 +209 +22 +314 +297 +80 +97 +150 +121 +27 +328 +242 +266 +159 +311 +272 +119 +383 +265 +351 +185 +191 +131 +242 +77 +311 +265 +11 +331 +174 +252 +35 +86 +399 +74 +45 +85 +262
+284 +24 +73 +335 +32 +119 +340 +368 +272 +49 +299 +303 +32 +319 +258 +77 +71 +173 +337 +286 +376 +56 +383 +198 +103 +123 +161 +302 +254 +127 +133 +216 +352 +225 +225 +204 +112 +269 +369 +46 +70 +87 +388 +210 +182 +324 +387 +398 +384 +394 +259 +171 +323 +16 +305 +344 +184 +178 +173 +266 +254 +146 +125 +295 +109 +346 +334 +295 +233 +306 +261 +342 +318 +184 +25 +341 +19 +359 +21 +186 +366 +138 +394 +290 +171 +127 +314  +1 +92 +113 +140 +136 +258 +315 +68 +392 +157 +324 +181 +25
+191 +23 +58 +375 +12 +81 +65 +365 +214 +336 +263 +29 +129 +252  +9 +363 +252 +216 +175 +251 +192 +54 +308 +354 +291 +104 +176 +344 +78 +323 +70 +251 +148 +20 +77 +33 +342 +353 +235 +176 +59 +249 +332 +41 +125 +366 +227 +234 +194 +32 +132 +85 +263 +351 +211 +219 +332 +144 +361 +142 +238 +171 +348 +195 +192 +45 +65 +208 +46 +309 +251 +94 +122 +366 +91 +60 +309 +317 +180 +381 +87 +263 +35 +353 +240 +31 +349  +1 +151 +17 +145 +113 +191 +150 +360 +213 +153 +24  +5 +306
+82 +208 +152 +221 +289 +302 +266 +118 +66 +33 +223 +245 +88 +333 +388 +100 +269 +330 +211 +279 +366 +349 +142 +266 +252 +35 +87 +327 +17 +26 +250 +390 +333 +234 +266 +13 +354 +268 +265 +334 +277 +189 +91 +94 +136 +47 +343 +183 +166 +378 +350 +60 +38 +333 +68 +79 +147 +313 +268  +9 +170 +158 +390 +327 +115 +46 +255 +210 +236 +310 +290 +257 +347 +299 +310 +71 +64 +241 +362 +383 +381 +31 +185 +123 +240 +390 +175 +216 +244 +393  +8 +257 +271 +54 +328 +68 +53 +273 +209 +87
+261 +277 +61 +82 +282 +107 +379 +189 +205 +46 +323 +312 +244 +18 +87 +76 +274 +108 +330 +390 +90 +122 +183 +221 +333 +53 +252 +124 +241 +160 +223  +9 +387 +241 +197 +117 +302 +271 +38 +255 +223 +204 +266 +22 +181 +297 +379 +348 +167 +324 +375 +321 +150 +196 +130 +155 +249 +33 +345 +162 +42 +241 +248 +72 +12 +270 +283 +101 +119 +62 +332 +355 +368 +47 +72 +166 +394 +338 +70 +376 +108 +243 +344 +391  +2 +248 +178 +116 +179 +396 +380 +108 +24 +227 +340 +268 +275 +186 +359 +20
+307 +288 +379 +76 +59 +289 +266 +230 +101 +287 +108 +376 +275 +263 +366 +20 +243 +343 +39 +297 +57 +220 +155 +241 +68 +342 +310 +271 +390 +116 +216 +163 +338 +105 +371 +33 +240 +231 +316 +283 +362 +298 +242 +169 +155 +156 +40 +217 +274 +382 +139 +225 +13 +269 +128 +386 +297 +283 +312 +354  +3 +88 +209 +178 +260 +206 +341 +16 +210 +100 +377 +148 +227 +65 +71 +179 +267 +327 +327 +160 +240 +339 +131 +184 +162 +317 +211 +180 +127 +396 +14 +232 +266 +359 +18 +328 +280 +346 +113 +205
+268 +341 +26 +10 +378 +135 +61 +124 +212 +156 +366 +180 +391 +177 +336 +118 +113 +289 +265 +322 +382 +364 +48 +189 +127 +295 +28 +319 +246 +317 +206 +205 +319 +197 +65 +279 +54 +364 +145 +364 +256 +130 +397  +0 +198 +78  +0 +201 +181 +365 +282 +312 +69 +54 +86 +316 +15 +15 +69 +47 +89 +63 +36 +111 +246 +257 +127 +342 +201 +335 +26 +116  +4 +101 +319 +318 +366 +153 +96 +233 +94 +202 +323 +304 +184 +134 +119 +260 +72 +92 +308 +288 +73 +250 +290  +3 +313 +195 +191 +185
+91 +281 +359 +306 +346 +386 +171 +134 +340 +46 +123 +139 +345 +38 +14 +114 +82 +331 +91 +173 +244 +395 +91 +208 +356 +229 +19 +94 +367 +247 +174 +76 +237 +25 +262 +43 +191 +120 +171 +216 +356 +385 +62 +77 +89 +30 +146 +210 +109 +215 +269 +275 +25 +323 +363 +344 +286 +41 +51 +273  +1 +310 +35 +275 +11 +394 +29 +180 +105 +183 +166 +360 +178 +54 +188 +81 +311 +314 +323 +391 +73  +2 +44 +84 +82 +285 +128 +147 +124 +231 +324 +24 +331 +173 +47 +27 +218 +341 +34 +359
+287 +294 +102 +102 +179 +91 +156 +151 +292 +383 +325 +312 +12 +297 +156 +138 +182 +294 +329 +334 +248 +155 +81 +169 +372 +393 +398 +383 +185 +52 +156 +24 +314 +205 +165 +389 +59 +208 +319 +305 +192 +194 +12 +115 +346 +155 +13 +243 +343 +384 +395 +153 +378 +307 +244 +344 +298 +349 +144 +343 +399 +71 +142 +270 +352 +91 +105 +330 +31 +393 +138 +321 +261 +90 +109 +348 +367 +45 +306 +365 +94 +23 +241  +5 +349 +23 +375 +111 +63 +75 +136 +24 +70 +229 +249 +239 +141 +63 +261 +17
 +5 +256 +33 +263 +136 +277 +255 +368 +334 +65 +73 +165 +330 +184 +325 +157 +263 +259 +166 +315 +171 +235 +80 +327 +365 +58 +101 +184 +92 +147 +191 +288 +28 +311  +9 +228 +342 +155 +314 +59 +366 +238 +348 +180 +388 +54 +251 +122 +361 +226 +44 +390 +393 +217  +0 +111  +3 +217 +229 +76 +42 +17 +104 +146 +104 +175 +154 +38 +213 +105 +84 +116 +285 +96 +341 +25 +146 +183 +338 +38 +37  +8 +314 +380 +12 +118 +218 +216 +229 +380 +303 +286 +79 +56 +18 +141 +333 +306 +334 +394
