14 14
+114 +129 +393 +84 +137 +39 +223 +373 +18 +349 +30 +164 +115 +181
+328 +205 +345 +23 +255 +210 +361 +231 +219 +14  +2 +188 +306 +308
+354 +100 +202 +62 +248 +250 +202 +49 +44  +3 +325 +254 +215  +0
+189 +156 +368 +320 +129 +125 +347 +240 +98 +301 +222 +35 +378 +104
+338 +255 +292 +20 +339 +121 +170 +228 +191 +56 +330 +103 +98 +78
+359 +139 +249 +113 +85 +318 +112 +209 +289 +203 +250 +335 +206 +284
+193 +85 +54 +258 +10 +241 +212 +177 +277 +51 +95 +262 +307 +92
+239 +112 +126 +71 +233 +309 +126 +257 +186 +54 +16 +314 +394 +122
+317 +39 +74 +201 +147 +349 +145 +99 +108 +171 +301 +391 +225 +145
+205 +342  +7 +190  +4 +391 +190 +63 +341 +90 +385 +158 +313 +140
+59 +42 +83 +226 +301 +157 +325 +220 +94  +1 +293 +198 +313 +46
+119 +234 +198 +40 +365 +68 +112 +127 +67 +301 +157 +68 +127 +161
+288 +19 +368 +98 +103 +320 +270 +134 +226 +288 +172 +28 +276 +384
+386 +214 +394 +227 +38 +225 +266 +344 +73 +278 +167 +39 +166 +323
