22 22
+109 +284 +127 +336 +66 +237 +156 +33 +25 +85 +238 +127 +195 +46 +122  +8 +264 +97 +84 +334 +29 +209
+58 +175 +348 +176 +45 +181 +241 +108 +243 +88 +17 +60 +153 +131 +18 +362 +135 +77 +313 +89 +236 +375
+221 +218 +129 +241 +43 +72 +256 +397 +286 +392 +189 +124 +35  +7 +260 +99 +236 +264 +282 +12 +378 +50
+177 +91 +25 +271 +138 +84 +64 +210 +90 +112 +227 +379 +64 +325 +194 +337 +119 +169 +329 +118 +106 +306
+386 +19 +386 +48 +193 +46 +129 +304 +294 +300 +362 +247 +274 +112 +248 +284 +114 +78 +116 +128 +57 +53
+381 +228 +187 +213 +207 +183 +392 +144 +278 +245 +204 +48 +309 +205 +116 +333 +280 +287 +141 +142 +322 +200
+104 +62 +51 +74 +73 +108 +167 +66 +170 +325 +132 +93 +371 +259 +395 +25 +83 +229 +308 +182 +193 +192
+85 +76 +134 +283 +308 +103 +128 +368 +235 +280 +254 +201 +61 +259 +379 +91 +330 +230 +341 +256 +82 +339
+283 +367 +397 +274 +365 +106 +178 +78 +208 +315 +128 +121 +222 +17 +283 +323 +150 +188 +356 +37 +248 +128
+224 +393 +214 +96 +108 +18 +330 +344 +353 +262 +144 +230 +213 +388 +38 +292 +51 +355 +15 +262 +308  +6
+184 +317 +280 +299 +398 +376 +73 +310 +273 +163 +368 +52 +159 +257 +293 +114 +20 +339 +160 +166 +31 +338
+54 +297 +276 +276 +398 +393 +328  +9 +392 +245 +24 +46 +256 +396 +24 +26 +34 +399 +379 +41 +252 +164
+90 +366 +352 +388 +388 +182 +191 +244 +141 +154 +384 +247 +222 +44 +63 +78 +378 +203 +371 +165  +1 +219
+282 +304 +120 +136 +164 +82 +44 +183 +375 +267 +88 +149 +54 +55 +232 +55 +308 +242 +141 +342 +82 +187
+79 +25 +286 +191 +32 +27 +53 +258 +306 +12  +2  +1 +53 +79 +114 +375 +275 +244 +237 +379 +53 +27
+333 +290 +389 +375 +331 +251 +36 +134 +133 +349 +119 +325  +4 +73 +73 +335  +7 +288 +376 +239 +227 +65
+246 +177 +196 +363 +180 +53 +123 +32 +119 +10 +139 +264 +236 +78 +128 +392 +194 +102 +366 +108 +203 +285
+203 +148 +288 +270 +173 +322 +97 +226 +196 +49 +283 +91 +233 +290 +34 +19 +78 +344 +232 +68 +226 +245
+315 +61 +147 +332 +234 +188 +398 +77 +251 +12 +32 +274 +308 +228 +295 +308 +197 +219 +102 +289 +383 +259
+286 +253 +288 +27 +62 +222 +167 +278 +69 +144 +89 +283 +225 +42 +394 +79 +255 +333 +50 +385 +323 +320
+96 +138 +26 +16 +99 +21 +251 +315 +362 +219 +13 +217  +4 +331 +323 +134  +5 +356 +142 +152 +313 +94
+153 +36 +109 +288 +53 +383 +333 +97 +259 +201 +328 +325 +53 +345 +283 +228 +159 +274 +267  +8 +280 +205
