26 26
+90 +21 +73 +22 +69 +142 +40 +377 +103 +359 +178 +289 +350 +282 +210 +74 +397 +25 +250 +159 +76 +190 +336 +148 +188 +161
+196 +381 +325 +351 +52 +307 +239 +162 +316  +8 +179 +301 +76 +173 +54 +135 +90 +123 +345 +10 +213 +135 +202  +4 +40 +229
+211 +24 +307 +265 +219 +338 +194 +69 +223 +193 +123 +77 +106 +33 +96 +21 +69  +8 +20 +20 +328 +126 +88 +205 +305 +190
+341 +65 +206 +148 +104 +145 +20 +82  +6 +64 +149 +168 +333 +286 +336 +300 +395 +209 +217 +338 +194 +210 +390 +166  +2 +277
+197  +9 +98 +232 +157 +165 +24 +277 +142 +301 +185 +145 +220 +343 +298 +142 +288 +191 +340 +13 +116 +49 +347 +86 +399 +54
+21 +71 +289 +168 +289 +70 +140 +102 +15 +44 +185 +324 +247 +325 +108 +158 +59 +243 +312 +228 +17 +133 +121 +10 +293 +225
+89 +51  +6 +344 +148 +388 +106 +243 +376  +5 +237 +164 +65 +337 +227 +133 +32 +182 +289 +250 +303  +3 +115 +248 +77 +249
+316 +349 +394 +322 +84 +341 +40 +198 +375 +59 +308 +253 +112 +285 +112 +178 +142 +348 +80 +90 +54 +395 +75 +292 +140 +282
+88 +390 +30 +37 +88 +116 +318 +173 +114 +268 +93 +168 +135 +251 +242 +228 +315 +284 +131 +208 +260 +397 +203 +34 +353 +202
+236 +343 +271 +14 +22 +140 +149 +160 +85 +101 +132 +318 +323 +167 +115 +57 +238 +43 +75 +37 +385 +86 +256 +55 +74 +51
+76 +204 +168 +69 +215 +153 +320 +260 +350 +74 +46 +220 +340 +48 +322 +106 +397 +352 +73 +240 +315 +112 +17 +234 +60 +392
+161 +395 +245 +270 +83 +245 +318 +137 +77 +173 +140 +123 +336 +161 +371 +47 +176 +93 +297 +370 +281 +243 +108 +82 +384 +248
+124 +244 +184 +129 +130 +283 +217 +362 +139 +58 +393  +8 +200 +105 +329 +320 +53 +217 +394 +356 +184 +103 +68 +310 +332 +70
+95 +194 +132 +169 +212 +69 +272 +213 +207 +255 +51 +44 +357 +323 +249 +238 +153 +137 +72 +248 +188 +381 +390  +7 +59 +126
+283 +368 +32 +143 +181 +137 +17 +232 +102 +216 +296 +68 +82 +134 +221 +175 +88 +140 +38  +8  +0 +161 +27 +246 +345 +365
+217 +240 +313 +130 +57 +328 +70 +178 +377 +103 +216 +192 +290 +389 +181 +298 +161 +275 +226 +323 +216 +56 +194 +250 +174 +199
+385 +124 +242 +252 +265 +223 +277 +44 +33 +339 +203 +115  +7 +229 +271 +369 +73 +338 +336 +383 +21 +333 +349 +357 +306 +21
+29 +187 +282 +268 +139 +238 +197 +338 +152 +352 +269 +70 +14 +95 +10  +4 +83 +362  +4 +214 +300 +234 +92 +128 +246 +75
+125 +239 +371 +174  +0 +85 +281 +252 +308 +222 +225 +20 +319 +83 +182 +79 +263 +364 +75 +325 +380 +258 +88  +1 +205 +178
+272 +276 +215 +189 +96 +269 +77 +166 +44 +26 +183 +120 +200 +107 +63 +275 +105 +31 +177 +380 +361 +100 +319 +316 +382 +338
+387 +41 +262 +102 +31 +187 +358 +212 +360 +219 +79 +111 +77 +83 +76 +72 +130 +248 +239 +67 +24 +339 +347 +112 +91 +221
+316 +248 +269 +263 +376 +12 +199 +331 +343 +71 +362 +88 +297 +164 +113 +361 +389 +105 +266 +79  +9 +322 +247  +9 +267 +280
+79 +140 +136 +243 +322 +44 +40 +149 +27 +140 +66 +223 +13 +251 +140 +357 +50 +40 +178 +152 +278 +311 +353 +318 +391 +228
+255 +44 +118 +227 +361 +33 +170 +255 +137 +356 +141 +37 +338 +66 +294 +326 +67 +309 +266 +395 +312 +305 +379 +77 +247 +190
+53 +340 +346 +339 +219 +269 +56 +244 +360 +391 +316 +125 +289 +290 +202 +246 +324 +138 +204 +172 +66 +103 +73 +306 +45 +18
+266 +313 +204 +149 +238 +320 +210 +271 +205 +325 +331 +237 +33 +127 +300 +395 +95 +229 +389 +364 +135 +39 +318 +354 +76 +316
