20 20
+113 +303 +139 +299 +263 +381 +385 +276 +206 +39 +166 +232 +84 +341 +88 +358 +246 +202 +358 +133
+395  +6 +47 +351 +124 +264 +193 +295 +163  +4 +40 +231 +61 +162 +10 +71 +227 +42 +206 +114
+18 +211 +225 +115 +253 +222 +205  +3 +62 +319 +89 +225 +399 +96 +361 +235 +310 +275 +177 +126
+243 +71 +323 +87 +87 +226 +375 +372 +101 +345 +243 +301 +96 +33 +137 +306 +297 +255 +178 +325
+219 +229 +249 +25 +173 +364 +178 +119 +386 +94 +22 +312 +123 +386 +192 +29 +282 +48 +99 +270
+252 +192 +227 +203 +238 +332 +261 +330 +375 +361 +399  +4  +5 +120 +191 +193 +202 +67 +293 +185
+361 +167 +252 +67 +90 +310 +194 +105 +189 +256 +376 +219 +65 +52 +191 +115 +25 +143 +203 +319
 +9 +320 +238 +197 +12 +228 +338 +281 +261 +39 +390 +68  +8 +84 +300 +374 +82 +369 +362 +29
+64 +21 +214 +375 +74 +380 +392 +361 +30 +148 +152 +399 +58 +381 +75 +57 +384 +154 +128 +175
+368 +65 +335 +167 +269 +41 +170 +57 +266 +91 +208 +262 +254 +161 +140 +77 +364 +59 +108 +276
+103 +198 +285 +114 +362  +8 +209 +81 +260 +334 +229 +276 +191 +307 +234 +307 +389 +232 +386 +330
+382 +103 +304 +137 +15 +212 +280 +336 +245 +176 +145 +273 +72 +123  +3 +225 +275 +391 +142 +354
+259 +344 +111 +374 +234 +327 +368 +341 +283 +259 +208 +88 +274 +285 +377 +259 +68 +45 +140 +158
+339 +139 +162 +13 +353 +98 +138 +86 +295 +71 +226 +57 +118 +241 +148 +386 +253 +366 +190 +40
+111 +380 +160 +47 +393 +367 +56 +31 +22 +335 +255 +211 +205 +303 +392 +275 +251 +249 +139 +326
+347 +36 +355 +398 +95 +108 +225 +296 +355 +395 +180 +73 +79 +49 +111 +152 +184 +360 +164 +215
+288 +72 +82 +275 +124 +107 +316 +312 +362 +333 +321  +2 +32 +165 +127 +112 +190 +298 +287 +75
+260 +87 +393 +396 +183 +229 +163 +65 +260 +363 +56 +399 +244 +83 +151 +299 +199 +24 +317 +390
+391 +102 +163 +332 +145 +309 +107 +156 +16 +279 +27 +384 +119 +390 +15 +145 +143 +160 +133 +337
+54 +333 +398 +322 +43 +104 +282 +331 +387 +297 +315 +256 +250 +318 +55 +214 +143 +246 +183 +254
