31 31
+128 +278 +53 +143 +98  +6 +58 +291 +352 +246 +319 +287 +175 +165 +357 +38 +125 +335  +0 +165 +290 +318 +75 +55 +330 +165 +171 +339 +28 +315 +367
+14 +218 +13 +376 +349 +326 +275 +181  +8 +346 +217 +76 +109 +229 +243 +205 +369 +301 +213 +36 +364 +168 +366 +259 +41 +228 +100 +266 +24 +170 +207
+128 +91 +202 +86 +77 +318 +377 +73 +23 +248 +86 +292 +37 +340 +95 +236 +153 +19 +280 +66 +133 +77 +285 +249 +366 +202 +228 +107 +200 +237 +50
+340 +340 +306  +4 +201 +186 +31 +182 +69 +293 +325 +36 +45 +324 +340 +254 +350 +157 +169 +173 +135  +9 +253 +379 +358 +305 +103 +314 +10 +312 +251
+221 +38 +154 +148 +103 +34 +134 +327 +361 +129 +71 +146  +0 +157 +248 +265 +26  +8 +364 +276 +316 +124 +156 +105 +220 +209 +295 +322 +130 +84 +241
+354 +194 +70 +268 +145 +329 +144 +89 +308 +234 +398 +147 +380 +146 +340 +157 +227 +44 +99 +266 +317 +69 +320 +298 +321 +73 +264 +85 +202 +65 +46
+156 +204 +31 +243 +337 +392 +212 +316 +13 +10 +102 +394 +334 +21 +287 +207 +237 +342 +211 +160 +56 +378 +55 +112 +196 +184 +104 +76 +396 +87 +11
+94 +251  +9 +266 +172 +60 +335 +259 +206 +292 +368 +191 +324 +351 +121 +235 +79 +270 +175 +123 +212 +197 +194 +293 +359 +135 +186 +73 +46 +240 +340
+136 +42 +257 +56 +223 +64 +396 +186 +171 +229 +302 +55 +53 +85 +36  +9 +77 +191 +193 +187 +49 +239 +384 +272 +375 +50 +199 +29 +253 +216 +242
+223 +305 +88 +86 +380 +28 +79 +199 +323 +129 +386 +174 +336 +290 +147 +390 +95 +164 +247 +186 +201 +132 +216 +153 +252 +152 +58 +132 +376 +65 +314
+35 +187 +266 +186 +219 +100 +392 +170 +286 +209 +296 +158 +112 +364 +158 +320 +254 +105 +364  +9 +336 +65 +36 +94  +2 +208 +242 +105 +182 +279 +270
+35 +82 +238 +37 +380 +29 +85 +323 +166 +213 +13 +262 +236 +51 +104 +136 +342 +186 +232 +252 +134 +284 +214 +78 +278 +259 +23 +168 +197 +365 +255
+299 +231 +90 +355 +187 +12 +336 +338 +235 +294 +64 +318 +288 +389 +123 +399 +110 +296 +321 +122 +367 +107 +23 +368 +361 +137 +53 +141 +273 +394 +183
+397 +359 +37 +163 +57 +351 +196 +231 +26  +4 +89 +226 +229 +121 +307 +313 +14 +87 +121 +317 +25 +364 +161 +67 +53 +333 +276 +214 +334 +83 +376
+171 +91 +14 +19 +122 +42 +70 +191 +390 +285 +360 +125 +228 +61 +262 +204 +252 +297 +315 +239 +103 +113 +179 +146 +208 +198 +181 +394 +62  +5 +45
+133 +72 +230 +323 +341 +19 +19 +116 +86 +168 +195 +154 +193 +61 +234 +139 +64 +301 +116 +211 +148 +278 +121 +325 +173 +369 +184 +269 +375 +133 +232
+163 +288 +334  +5 +155 +237 +297 +327 +138 +243 +281 +22 +268 +290  +7 +76 +277 +275 +23 +33 +279 +84 +197 +247  +2 +281 +299 +94 +353 +126 +373
+319 +122 +52 +110 +304 +303 +382 +373 +271 +45 +200 +66 +118 +236 +324 +238 +153 +360 +348 +371 +378 +205 +140 +365 +399 +125 +307 +136 +91 +313 +394
+148 +76 +397 +58 +169 +88 +265 +251 +265 +228 +385 +361 +103 +341 +205 +387 +167 +332 +78 +244 +121 +324 +56 +347 +157  +7 +16 +257 +78 +369 +92
+162 +58 +272 +264 +73 +250 +304 +29 +200 +384 +33 +325 +388 +318 +318 +67 +387 +176 +195 +28 +175 +314 +322 +150 +234 +167 +41 +56 +372 +188 +301
+293 +260 +285 +279 +31 +370 +168 +381 +297 +214 +146 +373 +340 +160 +267 +90 +151 +188 +300 +64 +143 +228 +46  +7 +348 +48 +207  +6 +97 +356 +57
+127 +399 +26 +276 +335 +354 +349 +287 +219 +177 +269  +5 +292 +370 +278 +42 +320 +31 +160 +217 +53 +376 +44 +364 +386  +9 +228 +373 +76 +340 +292
+14 +240 +76 +61 +296 +50 +195 +116 +294 +295  +9 +346 +90 +385 +276 +78 +182 +382 +190 +172 +204 +281 +185 +264 +186 +200 +43 +87 +304 +200 +68
+179 +284 +326 +206 +389 +375 +368 +227 +227 +272 +76 +51 +337 +332 +263 +22 +354 +43 +309 +384 +39 +316 +264 +317 +362 +257 +183 +261 +148 +296 +97
+312 +314 +151 +381 +392 +147 +301 +372 +288 +237 +119 +342 +305 +339 +392 +38 +26 +275 +300 +15 +125 +179 +12 +342 +87 +31 +235 +26 +125 +113 +348
+289 +11 +163 +154 +289 +114 +63 +204 +224 +98 +162 +309 +331 +54 +297 +88 +205 +318 +297 +56 +366 +396 +316 +315 +213 +22 +212 +197 +280 +144 +329
+145 +160 +107 +60 +43 +206 +248 +386 +61 +262 +389 +133 +270 +353 +318 +149 +94 +351 +116 +368 +335 +61 +386 +310 +104 +34 +26 +295 +294 +74 +13
+175 +94 +176 +189 +250 +360 +22 +222  +5 +297 +351 +106 +102 +166 +293 +73 +306 +207 +207 +259 +280 +117 +351 +68 +141 +223 +265 +362 +65 +14 +373
+158 +78 +111 +301 +47 +52 +76 +361 +145 +297 +339 +358 +337 +357 +212 +367 +126 +316 +355 +111 +333 +186 +77 +310 +319 +376 +339 +337 +238 +366 +159
+86 +320 +251 +271 +344 +174 +106 +87 +295 +292 +242 +249 +377 +56 +364 +124 +31 +82 +332 +279 +18 +329 +275 +48 +383 +215 +296 +65 +10 +210 +385
+306 +364 +166 +191 +329 +281 +252 +321 +263 +34 +18 +302 +49 +384 +65 +322 +160 +14 +289 +275 +378 +222 +375 +276 +97 +116 +215 +23 +306 +154 +262
