2123923 2178286 1732322 2448337 2057224 2261216 2393781 2161451 2261938 2465659 1800037 1948471 2163260 2323436 2348065 2399907 2400826 2332397 2110026 2685547 2465784 2146526 2449102 2118194 2182875 2375394 2541023 2174700 2314549 2065439 2326802 2121886 2504646 1947150 2488280 1921874 2422373 2114613 2207061 2275171 2257879 2299124 2388778 2088090 2027420 2364050 2111085 2469037 2160297 2402783 2137123 2224911 2626143 2304488 2468419 2013923 2406382 2160206 1865854 2391888
2199092 2211093 1966060 2596139 2172931 2577700 2575459 2428498 2385365 2428134 2288149 1918016 2394351 2239650 2362903 2665561 2576914 2389889 2314055 2280986 2703986 2508754 2587942 2373202 2412229 2493355 2847751 2208612 2421411 2367623 2501458 2426608 2790630 2301743 2567868 2215478 2482989 2330122 2461426 2472942 2465469 2491737 2665278 2138863 2436790 2386999 2056518 2882116 2247249 2805240 2381477 2288205 2810012 2611425 2813145 2408988 2727727 2341418 2335710 2559956
2358095 2068405 2154381 2634104 2194206 2363846 2403059 2232171 2279321 2510301 2187995 1896165 2385732 2221746 2312280 2546122 2588646 2409525 2269076 2512837 2468058 2469948 2726914 2244158 2127244 2299464 2534166 2282847 2505584 2442731 2518383 2431361 2554179 2260774 2500274 2308300 2422944 2180977 2436314 2499231 2244590 2294641 2452435 2179490 2204996 2338828 2078291 2574919 2067214 2730970 2289200 2050856 2760379 2548448 2579431 2308284 2696046 2293483 2059062 2624047
2589117 2219498 2113557 3081330 2324685 2595668 2868717 2668813 2530510 2826446 2371337 2201682 2736197 2407053 2301050 2764940 2797064 2644470 2624657 2656875 2663628 2528039 2762949 2304827 2254986 2580782 2805223 2617787 2779429 2570138 2791753 2519449 2865695 2434690 2703338 2280016 2564284 2519913 2692024 2627330 2415688 2450610 2988666 2350514 2339684 2676519 2292961 2910088 2353079 2742548 2510837 2554317 3153601 2758898 2763130 2632210 2887324 2466545 2541717 2952467
2197503 2149630 1912979 2513597 1895475 2381641 2341657 2324365 2061871 2568108 2036379 1923753 2224439 2145573 2238555 2412375 2408200 2490353 1952134 2304383 2393442 2134232 2344527 2040041 1953062 2197752 2381054 2063603 2182894 2239066 2277331 2190590 2420964 1929869 2461289 1897800 2360593 1966732 2270899 2233000 2242708 2111213 2479528 2023276 2008586 2245292 2064680 2474029 2112585 2280182 2373393 2181266 2692795 2152702 2305374 2116799 2528310 2103533 1840519 2548596
2494585 2209843 2151596 2845709 2315144 2480609 2545751 2546966 2430871 2767911 2239543 1974583 2447629 2440412 2372872 2665119 2539837 2492130 2282313 2450566 2474413 2476898 2866168 2334148 2282216 2232521 2611464 2462363 2520565 2431094 2674891 2314947 2721214 2302054 2753569 2207577 2472545 2407920 2402765 2566055 2309908 2488757 2749662 2104092 2369865 2281040 2197328 2818785 2333114 2540698 2404680 2377893 2836660 2477544 2655946 2287908 2731466 2267088 2202795 2699761
2815350 2551616 2310113 3189085 2641513 3009319 3055139 2807275 2878890 2876040 2512546 2377018 2849509 2713096 2819188 2953712 2897426 2774930 2694058 2988562 3125004 2623470 3014520 2719760 2589580 2666465 3046093 2680685 2931772 2908334 2959139 2917538 3218816 2658139 2962064 2601249 3042329 2589509 2734431 2848807 2710905 2888072 3093595 2477699 2539341 2985266 2536833 3310035 2778544 2913141 2833204 2816161 3530722 2991817 3018618 2688313 3163753 2815073 2477615 3166997
2153038 2109498 1886434 2498311 2188166 2311427 2227410 2257687 2234537 2220265 2054433 1803214 2224660 2150459 2090099 2495677 2235109 2279646 1966287 2194740 2384985 2323483 2379650 2251748 2172764 2177625 2496538 2118379 2256716 2386854 2336140 2277142 2546543 2139922 2285554 2181329 2279272 2094932 2226764 2261727 2235023 2224926 2392881 1966377 2060001 2152721 1958911 2552460 2021630 2403895 2330597 2145073 2502048 2269512 2410022 2050591 2440107 2173008 2093774 2370158
2138992 2308008 1964467 2694930 2234100 2395147 2423486 2261393 2207512 2431546 2165295 2022322 2421431 2234190 2405413 2480774 2621962 2370974 2256840 2425791 2405088 2335288 2473737 2075268 2056507 2519715 2509112 2449203 2427503 2102158 2411791 2106450 2671055 2100801 2478108 2106448 2282095 2221671 2366372 2391711 2344914 2291362 2741861 2029845 2201995 2295391 2125046 2541872 2235549 2600793 2149777 2344450 2789121 2502046 2614685 2191892 2508714 2186014 2225151 2484821
2434103 2226166 2044730 2544927 2032319 2404375 2769241 2367459 2402153 2611067 2295100 2171860 2458887 2349923 2473753 2879177 2376340 2649266 2241818 2543472 2636519 2515119 2804401 2315603 2162820 2437513 2709308 2421261 2396599 2473504 2684261 2560906 2806062 2372821 2698001 2234683 2635897 2220536 2618226 2409091 2419404 2266621 2614596 2174777 2170775 2294039 2199057 2826527 2289016 2656179 2276788 2141623 2725082 2709390 2643751 2435152 2925299 2367447 2128162 2752558
2431241 2441862 2146107 2616098 2316307 2428170 2585064 2387524 2442175 2456167 2020069 1856770 2517287 2540919 2399224 2731879 2563043 2523952 2477209 2708316 2550518 2413584 2673161 2276858 2219406 2514233 2772596 2502524 2669860 2416888 2460901 2413161 2834495 2168493 2684790 2235709 2509057 2330746 2432036 2523234 2413513 2503246 2645843 2264062 2190192 2459817 2083164 2732864 2276755 2699650 2201390 2468704 2917482 2656162 2658728 2398721 2593452 2309267 2149801 2684574
2099894 2181226 1888394 2500157 2086499 2305734 2387685 2164027 2187689 2374686 1836995 1988763 2243833 2217451 2185030 2354246 2164635 2300663 2153920 2363656 2268052 2143454 2348088 2040637 1935661 2230797 2388376 2270681 2147343 2054360 2391066 2222463 2461000 2082826 2466002 2009463 2025955 1996116 2204247 2283047 2177704 2094122 2423536 2051386 2033009 2079119 1973005 2599020 2237712 2456963 2050935 2098360 2434821 2313142 2294891 2036689 2480699 2167088 1926478 2604235
2138403 2062465 1788849 2553070 1948161 2266293 2348582 2039404 2175390 2362955 2081750 2096066 2499403 2104366 2150578 2568965 2373999 2320000 2200395 2349911 2386803 2202639 2486541 2168546 2052875 2240884 2549902 2424331 2372105 2313739 2370396 2260324 2571785 2114330 2449630 1981928 2351209 1970716 2219081 2314159 2173427 1958736 2382219 2089241 2023443 2096396 2031798 2644033 2193199 2214343 2174404 2151207 2530011 2304128 2221723 2231185 2589787 2119452 2156375 2666727
2379936 2405067 2144621 2963246 2355020 2500741 2616288 2487505 2542813 2841800 2217756 2201270 2566030 2562190 2461086 2684607 2586143 2563717 2482329 2509850 2759716 2280542 2778721 2373623 2218003 2367334 2540655 2508819 2552202 2489994 2594508 2385904 2770617 2121248 2662522 2252591 2636773 2440652 2497962 2532296 2375056 2492724 2911917 2289617 2336814 2531017 2219818 2800967 2495617 2681161 2388483 2468676 2925987 2606518 2588968 2391328 2901800 2297273 2118486 2951558
1963228 2110132 1798241 2364810 1937885 2101836 2150400 2033814 2034678 2220673 1744055 1680389 2146856 2053413 2050587 2483717 2193875 2068581 2069682 2325391 2316301 2186167 2367101 2032351 2253299 2271411 2417457 2152685 2315498 2162230 2198335 2183838 2479389 1985344 2351122 1768190 2177070 1959933 2227029 2219009 2036487 2082636 2246711 1889703 2116275 2165396 1717203 2375304 1757240 2300715 2158748 2149978 2460326 2230776 2339277 2100370 2356726 1985233 2020074 2329198
2466157 2382831 1843570 2753916 2292508 2650459 2604262 2303139 2467879 2303200 2146939 2045354 2538765 2335983 2386564 2757809 2493280 2529140 2279254 2481918 2538181 2709817 2578021 2294980 2332199 2517430 2620036 2503314 2523502 2472215 2626005 2449676 2571195 2113796 2711122 2082324 2464478 2214982 2542597 2543745 2423797 2153010 2710434 2031729 2175123 2338007 2052891 3021152 2358959 2668894 2320352 2446335 2814730 2516025 2756040 2398744 2588291 2246304 2167180 2785496
2187169 2211960 1937201 2557356 2074817 2338899 2383251 2335325 2264943 2487504 1996011 2034836 2217272 2236350 2270420 2503185 2651927 2402130 2028192 2335539 2506730 2395251 2698528 2157135 2063841 2106722 2378787 2474786 2203132 2335611 2216868 2246608 2642814 2191034 2588486 1989858 2323100 2161368 2327759 2379271 2269527 2077198 2443478 1926641 1992486 2210163 2042234 2506918 2070837 2292369 2251047 2145353 2676154 1987606 2361544 2134019 2609979 2004096 2056494 2407040
2219117 2069703 1780395 2379349 2024951 2172867 2282427 2154920 2325141 2331452 2010739 1832905 2260985 2164946 2182494 2550139 2140124 2264940 2016546 2277148 2348888 2139428 2346713 2148748 2133776 2301600 2277580 2218557 2211168 2193194 2382856 2204144 2371820 1868016 2533137 1912542 2243197 2013375 2233514 2130564 2318621 2148531 2363541 1932824 2023290 2080927 1893891 2507719 2139318 2156435 2212870 2079443 2437807 2263309 2359518 2156187 2450200 1992577 1903171 2328403
2201101 2183797 1972934 2448606 1922283 2293537 2070484 2076410 2034594 2454450 2108303 1967192 2275695 2099256 2001931 2258043 2214717 2131524 2188288 2258519 2085500 2146842 2239488 2269606 1909753 2234214 2344593 2073776 2186913 2243245 2329422 2254239 2592905 2008887 2281825 1822509 2168088 1882511 2121427 2145293 2207008 2100260 2375051 1960694 1949321 1988460 1833528 2341341 2004582 2139766 2072454 1993190 2482397 2322798 2124666 2200932 2412617 2072714 2082205 2542297
2275461 2119570 1957272 2614813 2095622 2392289 2441641 2186716 2334923 2497545 2126317 2090427 2275365 2157860 2230452 2426619 2558082 2290402 2337423 2439035 2291186 2328918 2555719 2161689 2151188 2378637 2524709 2427708 2307215 2268888 2393543 2397929 2655357 2361678 2454820 1973796 2187013 2190088 2497295 2344571 2335930 2241027 2472610 1956897 2049075 2259335 2083507 2496173 2271696 2657105 2231497 2125135 2789195 2306018 2429452 2321564 2471305 2173193 2387427 2466741
2073482 2110328 1937623 2430708 2148100 2263610 2322048 2058806 2344396 2490545 1983667 1942838 2219793 2026315 2190572 2582413 2240434 2189811 2108296 2114875 2218429 2324480 2546810 2056701 2142411 2162485 2404630 2296838 2394151 2211754 2294334 2297678 2604528 2211327 2486638 1986431 2291549 1945804 2235824 2361516 2160636 2159197 2331425 1963938 2222185 2073091 1885485 2486879 2228809 2394489 2065576 2112243 2399829 2370561 2484102 2059318 2543391 2030218 2186505 2468656
2607070 2256572 2039562 2901343 2235645 2442690 2597737 2500003 2533190 2740867 2277266 2225719 2628571 2547188 2483543 2836180 2595689 2596324 2432336 2638895 2785300 2206605 2810861 2518618 2495264 2557619 2859035 2341317 2647815 2467179 2760597 2461666 2953586 2151329 2664285 2213248 2753415 2298135 2613338 2607198 2552427 2635033 2808117 2248146 2388391 2535113 2315951 2827801 2494024 2663228 2528730 2486194 2952670 2627158 2622420 2407808 2662808 2534903 2389016 2627850
2120773 2166000 1618448 2556960 2162084 2556457 2434159 2139298 2220199 2360868 1944915 1999944 2180869 2031993 2247939 2374717 2398723 2231865 2039029 2330856 2375511 2410649 2408264 2118560 2004795 2176661 2465437 2371974 2443814 2307236 2340763 2220221 2447459 2102760 2602585 1994403 2239653 2122262 2144690 2192166 2260229 2029436 2321686 2027572 2030588 2390047 1866112 2625860 2180897 2241598 2179532 2279300 2475770 2344825 2447460 2116049 2503299 2038630 2078386 2518952
2568764 2321641 2154684 2982906 2280358 2782947 2789662 2241311 2474886 2830879 2144047 2129772 2820265 2692671 2536641 2868405 2747941 2423553 2560786 2577800 2823179 2564326 2708653 2674315 2225844 2486209 2923446 2839451 2715500 2723356 2865064 2488219 2879995 2321083 2967390 2213431 2518011 2290950 2658625 2687839 2497145 2370217 2791305 2245725 2178323 2549081 2324220 3026163 2471717 2625282 2173354 2482459 3076338 2591261 2715348 2369952 2812843 2218746 2252651 2967197
2280331 2278217 2114862 2559564 2338483 2462707 2515193 2390482 2517178 2570084 2153978 2110400 2465140 2233339 2501654 2583110 2550642 2512498 2393689 2415400 2480785 2585299 2600008 2293465 2132721 2295105 2611828 2405000 2399817 2270620 2555043 2234962 2654768 2140669 2527845 2108192 2410761 2225767 2408600 2636666 2263355 2310723 2672987 2216146 2129677 2477118 2141459 2738990 2183215 2626339 2184270 2357637 2817774 2506306 2623924 2252149 2714998 2370362 2097831 2687428
1983222 2134489 1786381 2768109 2055726 2515286 2602074 2312517 2252692 2522433 2197554 2067215 2539772 2308357 2365303 2669412 2471681 2460287 2169819 2385051 2608389 2369990 2800783 2070185 2224865 2314458 2294962 2442272 2209859 2312651 2320257 2311230 2741503 2127129 2509553 2167542 2450859 2332701 2256156 2323674 2406352 2283312 2484974 2151398 2229827 2538687 2191866 2651653 2343396 2652804 2272991 2232996 2700651 2288515 2384336 2320370 2882295 2051076 2151714 2716556
2412377 2434197 2187573 2746431 2425090 2475784 2405061 2620259 2373209 2644186 2387556 2132781 2531788 2338353 2477276 2518616 2389843 2604733 2315984 2491259 2287001 2723161 2739037 2317500 2374472 2521292 2582204 2514946 2552127 2386867 2556723 2484741 2961639 2287479 2545789 2108489 2473156 2395773 2301875 2556605 2398461 2598535 2718733 2162468 2247223 2390757 2070256 2750649 2205348 2674926 2264487 2368035 2860076 2583503 2646168 2503472 2847391 2533974 2481581 2808042
2276121 2364644 2006669 2683674 2229191 2584624 2444743 2253500 2293041 2389893 2169421 2034913 2497740 2380224 2505573 2756238 2463478 2347702 2503890 2620091 2471580 2445369 2744984 2320062 2281910 2456005 2665596 2569412 2772883 2366306 2564790 2456066 2869343 2211843 2639177 2099463 2481899 2145840 2303427 2440725 2382613 2340629 2439639 2168766 2237061 2493877 2250224 2864532 2155927 2526293 2200305 2400732 2779468 2721269 2601521 2403119 2829142 2255809 2429912 2706530
2012126 2067276 1654503 2334049 1844941 2136262 2316195 2179783 2063248 2375521 1898835 1897842 2188274 2128622 2151554 2193015 2327286 2348949 2215686 2291535 2292421 2096246 2236053 2007973 1909488 2299379 2270200 2109146 1924506 2203355 2184075 2276359 2458142 1895760 2349419 1753336 2214749 2043408 2180012 2138377 2290757 1906590 2433663 2073699 1851191 2256568 2080123 2432127 2095706 2351699 1982518 2125356 2438680 2053497 2055354 2131215 2505781 2026781 1844322 2528872
2452471 2318638 2224088 2949077 2378144 2575659 2708263 2551794 2648332 2849488 2357142 2048748 2729889 2559382 2445888 2814076 2672588 2706763 2586972 2723131 2618504 2571354 2721967 2333462 2522746 2666981 2808260 2405885 2554775 2520997 2786158 2496115 2757924 2294661 2675316 2225633 2633459 2554756 2732375 2686887 2564882 2608741 2725340 2544549 2471328 2776099 2302767 2979652 2393987 2813674 2459085 2545658 3007753 2683043 2817586 2598789 2882485 2512318 2380404 2815205
2400329 2425821 2099682 2854158 2307519 2630341 2668599 2462879 2404278 2602997 2185642 2228669 2560871 2403930 2481581 2685722 2616793 2477964 2430685 2674598 2718257 2678443 2745236 2368587 2285307 2541196 2710457 2647157 2562456 2618922 2577020 2767922 2894388 2286272 2725525 2154449 2541152 2384163 2611371 2477090 2591766 2231887 2632389 2161300 2364667 2588683 2318482 2739110 2190955 2846905 2456862 2407703 2994358 2465076 2544813 2417501 2908307 2190391 2380232 2843945
2472304 2692594 2139456 3028976 2318102 2724271 2924314 2585806 2596561 2833747 2593235 2355098 2861034 2569559 2774746 2854649 2826227 2885430 2591920 2770183 2957016 2706596 2878523 2417508 2560351 2877516 2892471 2676456 2645642 2546580 2759314 2656465 2989413 2353278 2896589 2345043 2833260 2539727 2701010 2781991 2780567 2399136 2886543 2377118 2635724 2799635 2319703 3015549 2494278 2794723 2551686 2671178 3188022 2679284 2710188 2647181 3059169 2425297 2391359 2880008
2386213 2317324 1736713 2673165 2234400 2527695 2733506 2466892 2379519 2479529 2079367 1945916 2261958 2453870 2195382 2590731 2317853 2430873 2273156 2543137 2740548 2371726 2639188 2070493 2253460 2369621 2835461 2365721 2451408 2467668 2343456 2326340 2770380 2146924 2678180 2090546 2422697 2281535 2374031 2290008 2412005 2475689 2581228 2102941 2178099 2488636 2161969 2976842 2284915 2537244 2321210 2325163 2800689 2482039 2477231 2499119 2773967 2305209 2224961 2678871
2333741 2326592 2006013 2678561 2283601 2460897 2426595 2337112 2238387 2442015 2094581 2056802 2270493 2457239 2469466 2703624 2455627 2411625 2347809 2335853 2538233 2442380 2485418 2327786 2292309 2283332 2650270 2409276 2508944 2369228 2389913 2222914 2915916 2182050 2498476 2139850 2409353 2312285 2325336 2448250 2377198 2378812 2565260 2017785 2117457 2311361 2030314 2718320 2242768 2502206 2186538 2431064 2687473 2492989 2518140 2258793 2575920 2206226 2220390 2628080
2491057 2302750 2032428 2711970 2280222 2605089 2579682 2132690 2465719 2450111 2155985 2141180 2436077 2469908 2395369 2503353 2220625 2403613 2319410 2472296 2617586 2494324 2376875 2351864 2214649 2349514 2678719 2383420 2357796 2323886 2426581 2395523 2729263 2185647 2585908 2017737 2584857 2279801 2571172 2509140 2165481 2227463 2596985 2167204 2115203 2530671 2099322 2969168 2545362 2600886 2253916 2562682 2770941 2614971 2675078 2322255 2743408 2227667 1949850 2989624
2171954 2076868 1634841 2523525 1923515 2311580 2592845 1996884 2035902 2346178 2028762 1929129 2451493 2193064 2403293 2492881 2384915 2305060 2306533 2286811 2355888 2259853 2304021 2252813 2081068 2324244 2483386 2416830 2245472 2229444 2249859 2280700 2624458 1980748 2429532 1883259 2127662 2069861 2333928 2145060 2423431 2022722 2460319 2100456 2024413 2186294 1919378 2635818 2147754 2429109 2015286 2209469 2624307 2304535 2344266 2168638 2478192 1845710 2099507 2482972
2175822 1910984 1835875 2410768 1923766 2054909 2111881 1862946 2008670 2327845 1924169 1903995 2271946 2239606 2048602 2190080 2315069 2168492 2004522 2209344 2337201 2062520 2180140 2203884 1949442 1969609 2244235 2039895 2173474 2227704 2199002 2076548 2315999 1851240 2327868 1857333 2230225 1955744 2148753 2230187 2024324 2037312 2288542 2018365 1953222 2111671 1698048 2396311 2056254 2214240 2159584 2027028 2572308 2009560 2310312 2065068 2330712 1958745 1602284 2624343
2320277 2180944 1800781 2412883 2124418 2396804 2322125 2233196 2284171 2297019 2002170 2002288 2145332 2047781 2245840 2463179 2378528 2383670 2216135 2375487 2286838 2268570 2339919 2091530 2085855 2213361 2389698 2244032 2207864 2127138 2330323 2261625 2505829 1810915 2470650 1751206 2398433 1930995 2140592 2445044 2259101 2040343 2295500 1937191 2053898 2188138 2020307 2577869 2138979 2407492 2192733 2264859 2404910 2234785 2335376 2085732 2265415 2047852 1882675 2438065
2502231 2386646 2152511 3012483 2410409 2669211 2525300 2682804 2642130 2858555 2783145 2358879 2570581 2383721 2604058 2802822 2478094 2577219 2470661 2566530 2653930 2704763 2797920 2603287 2388570 2503458 2654350 2301392 2662011 2548681 2718299 2393986 3131713 2483159 2600397 2343325 2772516 2449558 2422850 2524136 2601032 2680175 2880574 2159426 2537183 2535253 2169061 2804141 2320220 2605530 2724490 2493090 2936254 2763381 2642740 2656461 3110294 2515152 2440789 2799155
2218527 1990190 1714706 2446345 2044608 2305788 2353696 2062464 2082465 2263066 1828904 1947818 2195154 2111187 2133806 2417585 2195127 2119102 2168888 2264230 2223858 2172244 2509507 2084180 2025071 2008833 2577674 2257460 2306954 2106608 2409560 1959441 2552840 2126495 2406496 1945130 2261428 2133227 2057522 2193666 2060125 2154479 2275279 2000149 2005551 2214704 1968369 2444068 2209230 2075614 1987807 2104665 2373988 2323766 2198176 1985661 2409269 2245564 2008082 2422025
2524357 2481852 2137106 2644848 2433732 2538014 2563620 2493928 2597834 2598817 2172475 2114204 2486252 2383659 2351842 2536218 2691569 2529588 2546242 2832620 2747434 2548264 2745758 2541766 2304251 2502995 2765858 2395053 2547978 2652126 2527310 2547257 2730609 2344254 2817182 2231256 2516675 2260749 2415016 2582828 2479713 2408209 2763260 2300007 2412724 2506329 2103770 2854061 2328254 2615847 2562732 2532788 2909341 2565914 2641531 2463344 2812600 2429806 2138163 2832656
2325323 2429127 1841792 2895666 2438866 2816655 2839034 2653943 2512525 2836149 2271904 2176902 2626171 2377251 2547485 2675555 2700714 2684217 2161529 2502104 2756360 2562509 2712281 2241357 2336596 2561938 2593855 2690548 2432163 2296118 2545998 2579438 2827689 2094963 2782553 2248478 2399144 2393810 2395557 2490306 2579993 2383824 2829172 2204950 2271424 2532612 2328761 2957612 2501388 2794417 2412808 2441287 2949390 2442777 2756173 2397548 2900932 2174774 2318892 2922505
2379825 2247173 2191366 2598585 2237887 2454360 2470363 2425822 2356337 2649641 2208381 1932600 2382044 2404167 2501072 2744144 2522230 2362975 2117741 2340760 2630698 2334777 2602187 2375835 2344293 2303087 2524637 2398737 2583704 2458816 2347369 2443119 2763229 2224306 2558441 2166678 2489199 2265426 2480202 2449631 2195432 2441015 2580831 2001570 2071300 2410607 2172317 2940923 2247183 2466660 2345979 2319132 3099011 2476106 2614809 2237763 2653484 2231911 2153844 2695182
2064667 2042318 1756579 2252509 2086437 2149445 2463600 2193197 2152877 2246366 1658169 1880108 1944413 2054932 2303715 2387266 2248912 2250448 1956201 2266972 2199502 2212670 2463445 1993162 2004274 2044673 2334603 2171819 2279031 1940496 2223072 2137877 2447544 2043677 2415384 1876148 2162873 2070860 2133645 2266394 2159309 2104724 2360301 1978497 1984757 2095071 1902140 2400766 2139724 2393669 2049582 2107945 2518821 2161833 2384564 1735961 2380821 2060448 1800300 2354236
2081740 2211529 1978158 2611346 2253956 2365416 2386242 2256097 2403073 2436911 2201100 2056349 2256810 2206392 2160092 2586533 2435624 2351277 2300707 2263648 2520279 2446120 2526870 2130078 2212674 2345829 2445479 2340300 2418523 2374524 2163309 2209697 2712705 2329777 2460737 2041822 2365656 2129118 2294309 2278511 2314522 2204824 2475396 1878299 2097560 2181397 1899600 2663903 2202671 2455360 2355571 2303256 2772781 2291241 2322227 2289992 2524011 2135911 2162701 2483107
2109547 2110480 1831962 2384751 1898133 2261815 2112232 2237211 2233462 2367385 2041265 2036848 2169158 2099803 1844461 2102653 2234646 2220071 2076201 2360413 2251397 2186752 2296905 2084664 1977664 2190398 2355390 2173311 1940232 2240609 2201801 2283424 2482558 1885688 2326499 1775009 2125096 2057311 2214208 2213595 2049937 1918657 2361619 1940287 2085185 2290115 1911276 2534489 1990177 2291811 2222322 2092136 2517495 2157408 2163826 2131003 2375421 2097526 1977308 2519559
2492380 2432035 2338318 2877130 2334136 2686402 2827501 2703599 2515663 2713705 2311506 2161569 2409834 2446202 2538515 2930627 2638005 2638911 2480340 2481903 2741728 2486326 2948388 2422315 2159046 2428199 2807342 2722654 2621799 2571807 2829461 2575443 3055251 2724390 2858262 2296301 2555671 2479336 2689805 2507428 2396083 2499759 2901167 2101817 2333903 2497149 2180300 2919455 2611860 2761595 2544349 2565969 3134096 2846462 2825547 2565137 2899891 2454677 2433529 2757047
2338002 2095552 2086346 2443799 2109548 2228839 2229304 2243387 2349654 2254122 1923038 1958581 2056166 2258398 2050423 2104380 2368633 2400796 2157528 2345861 2373308 2318929 2403493 2064983 2080743 2036945 2136279 2054480 1897898 2404017 2043275 2540694 2408071 2069611 2291308 1851855 2318735 2171063 2460118 2237989 2195389 2027879 2393959 1873251 2022055 2144053 1912574 2435198 2160903 2474640 2154991 2211569 2686381 2057098 2339631 2160059 2435030 1964951 1857549 2492874
2010738 1961071 1678569 2244436 1889026 2178034 2165166 2101232 1991865 2301337 1975691 1951240 1956959 1885806 2197188 2191873 2117005 2150960 1974678 2095978 2152972 2214994 2171028 1923381 2176489 2212760 2316585 1855899 1993507 1793472 1956450 2118056 2361069 1964671 2049709 1737957 2113188 1960603 2256898 1900988 2059570 1991146 2183647 1768456 1882363 2088032 1904394 2357183 1930779 2349620 2149970 1904186 2377760 2069536 2141605 1983146 2249808 2023766 2098088 2163874
2461103 2462043 2149119 2673603 2335877 2701553 2614176 2423945 2303513 2565890 2049300 1940487 2490315 2336738 2459700 2555092 2545103 2614706 2411088 2379490 2510044 2781868 2541002 2253729 2131046 2478659 2887912 2360805 2214373 2264496 2418776 2315144 2745905 2240712 2688626 2047468 2324557 2175256 2460853 2650108 2388588 2161933 2679747 2072894 2177144 2307183 2030505 2847804 2255900 2577204 2143618 2519267 2748512 2337876 2580338 2300274 2673964 2275276 2078999 2677221
2130666 2201328 2216130 2729483 2409772 2495172 2363395 2577527 2547759 2667205 2182065 1939899 2215676 2358733 2368672 2586426 2199674 2461084 2288091 2335833 2296687 2568321 2585821 2194605 2225291 2346032 2433885 2566827 2336672 2319947 2475765 2492384 2734315 2254109 2442734 2027385 2364081 2380377 2336130 2376508 2210098 2240421 2392443 2083019 2004411 2523385 2168279 2730020 2173619 2551512 2254147 2393709 2680122 2567286 2459334 2439300 2826486 2129356 2339093 2647100
2389632 2318156 1954197 2808119 2204390 2463416 2665152 2484723 2482283 2856985 2185168 2285667 2675289 2327812 2366694 2731294 2605078 2537596 2393654 2768007 2750456 2596149 2760866 2457761 2281236 2554541 2785534 2330619 2418741 2553173 2549321 2529260 3075791 2310550 2766256 2161221 2543831 2275362 2466864 2584253 2591629 2382346 2803787 2295283 2494894 2370093 2179533 2739897 2226310 2820071 2557858 2362887 2857215 2440532 2488920 2364838 2938109 2406991 2192968 2916088
2864846 2651991 2337937 3069091 2539272 2829963 2900217 2676132 2721315 2944337 2555595 2327066 2763607 2547044 2631705 2886801 2960755 2849400 2616829 2888900 2767262 2887079 2984518 2510599 2462052 2657471 2927980 2768676 2858744 2761830 2662233 2645294 3044626 2648581 2977152 2351213 2887541 2586720 2887088 2894492 2663757 2582004 3000558 2551655 2322430 2756846 2356536 3074787 2627751 2728755 2760144 2770252 3240039 2598406 2868968 2837646 3108704 2592001 2517692 3131497
2442086 2486033 2100979 2825865 2448894 2636981 2676991 2671050 2705187 2644489 2236305 2200108 2493939 2496429 2535282 2667911 2627954 2593702 2429213 2790050 2889573 2477339 2843916 2454148 2369601 2604435 2684758 2516643 2648697 2450517 2621731 2470242 2840890 2439482 2787113 2271103 2693369 2558495 2516026 2513508 2381317 2578744 2956189 2307745 2117835 2717183 2389411 2942278 2488787 2671331 2678019 2638415 3224099 2718512 2617888 2510958 2877646 2671816 2293107 2907746
2794002 2580712 2568133 3138763 2728965 3072124 2772562 2932090 2802963 2983161 2629409 2299591 2696335 2674386 2619724 3008876 2765866 2904775 2687494 2845267 2879311 2855778 3048099 2626380 2415415 2600651 2904800 2841533 2802767 2790536 2775639 2849434 3276970 2524973 2980489 2551164 2714978 2498998 2803987 2649474 2725329 2636985 2946966 2344739 2548053 2834076 2413207 3185047 2625302 2859912 2809783 2812288 3204605 2977103 2934150 2699973 3139271 2415716 2437827 3003668
2309290 2378006 2177175 2679760 2158490 2452829 2440234 2412092 2447044 2584076 2273046 1970901 2331510 2221358 2470085 2614141 2320368 2538602 2207789 2607993 2534891 2440361 2763614 2219925 2310717 2465390 2287021 2376014 2417809 2343267 2464114 2435921 2674680 2341378 2655265 1996986 2589211 2196285 2340841 2403873 2282105 2419940 2513455 2149989 1989190 2393889 2016017 2640497 2127923 2384448 2480064 2439854 2789988 2510914 2455050 2498615 2809203 2299468 2150198 2507604
2472225 2346598 2067331 2703947 2441645 2477588 2764194 2536643 2425166 2537875 2066477 2127159 2404514 2331785 2462705 2673413 2565546 2679050 2421025 2632221 2540142 2660578 2597622 2225200 2362542 2514161 2849958 2566074 2730384 2434416 2605231 2470281 2733285 2256745 2521707 2164375 2597974 2394990 2618780 2583956 2331725 2283105 2783819 2205720 2426669 2474114 2039701 2769519 2165361 2708218 2258966 2539832 2834655 2824193 2874342 2184404 2642359 2389192 2390298 2843917
2365139 2152554 1770891 2593916 2336132 2499851 2454459 2290381 2115480 2474092 2071694 2110184 2362880 2075686 2288469 2547400 2404856 2402736 2262275 2530711 2412040 2338265 2601798 2168738 1876705 2134018 2511799 2526977 2486427 2205929 2418982 2227888 2775617 2055096 2603651 2213165 2179527 2001112 2239684 2444407 2289676 2137785 2477869 1940510 2115673 2210940 2001069 2554224 2175001 2408687 2102861 2255731 2496269 2187597 2401002 2077973 2599993 2158029 1959052 2714967
2420144 2412565 2208956 2672605 2370096 2522457 2692084 2477914 2581207 2799952 2415390 2190095 2581412 2613974 2659609 2792666 2564300 2523125 2429930 2396596 2637478 2470639 2738247 2250613 2415813 2501858 2693444 2645843 2646534 2421609 2523693 2581917 2935808 2330142 2686731 2278912 2638721 2566427 2525961 2582831 2395432 2426808 2706583 2079544 2373603 2543585 2484798 2968684 2488084 2762047 2369102 2493399 3073888 2484612 2605656 2494361 2924396 2326093 2401508 2926776
2381717 2080308 1977289 2696923 2169216 2618095 2383599 2456642 2261479 2409260 2135541 1908144 2341082 2173050 2161204 2485452 2630969 2499955 2182027 2580307 2456696 2477798 2752399 2199239 2133011 2128621 2674097 2317969 2440229 2170029 2220611 2260188 2635939 2216144 2554338 2186178 2307361 2109850 2401579 2419732 2170475 2253946 2477216 2052420 2025899 2315676 1962607 2792237 2068800 2370917 2319488 2234288 2755293 2329195 2557980 2213558 2540643 2146597 2120442 2528005
