893025 841604 1005500 836450 1000183 814235 784538 1316144 824214 922116 1234344 920851 967507 983845 921128 1059168 977978 1054903 945246 929238 896169 700441 917839 1130321
936698 848060 830776 775872 1035969 762989 664832 1255804 947206 1031388 1212898 955265 785281 895740 905808 1118912 872100 805150 838073 776097 820689 707735 981756 1263229
1086440 771149 975085 1040638 945825 843022 906616 1235476 1029382 1044988 1095571 950087 942428 990322 906111 1117179 967362 858836 972889 1096971 803260 1004122 885327 1224117
1167659 867370 1041084 993224 973918 976481 900204 1353330 978361 1147576 1231529 985025 940259 913799 1022695 1267556 929605 1042751 1037488 1031680 960662 941376 979996 1339368
869414 945553 924468 836993 1038546 843497 787458 1313001 938793 1017595 1115318 904900 952766 1060517 983603 1094006 834630 788069 847328 709858 842077 877283 847930 1143187
1101177 802095 923664 859725 920271 816684 820833 1171169 927248 905703 1055561 911116 943273 881488 819332 978215 892604 969718 841488 761846 772438 934281 690606 960915
819237 724320 806990 834904 848865 736875 726017 1079987 745694 833356 951203 855884 762971 788983 668489 967698 702530 701383 749538 660122 682351 690774 709046 979631
845887 789956 934983 923591 911576 849199 879430 1121702 793735 1004161 1167311 970045 864895 835781 924869 1140222 774124 746790 970754 795095 742226 720361 862026 1048023
870091 949810 957875 772049 1102125 760260 728776 1229169 940969 1038774 1205286 897550 824358 1111992 978299 977110 908658 884422 909151 669915 774801 857114 876920 1011839
954946 873182 876683 1003363 906534 740277 837288 1243776 923461 1005373 1141815 1006598 914185 1110719 928731 962643 839879 903441 942096 762246 732835 884778 768487 1049712
690973 661965 565757 592064 882409 488057 553162 860113 679788 790680 934935 694040 722747 672460 694970 853719 675007 610832 613537 608665 488392 711596 640571 757582
1038403 1019955 1046119 987652 964901 887009 796650 1397044 920053 1065316 1244962 917589 860998 1144973 1043504 1099207 1061016 1003445 1033047 833847 903920 894978 868897 1240667
1025288 759854 919113 853542 865372 815592 814516 1192480 983095 1037637 1165417 935235 875565 933546 952496 1022103 844558 908694 902096 877664 851391 768650 860212 1164747
1025356 947556 952741 897257 960719 853069 812406 1307047 917084 1062822 1276102 989077 956748 967119 977407 1064801 1037831 1111928 998425 836471 806008 973528 834289 1073300
910770 904784 1148080 950361 1172761 996940 915122 1395016 986246 1077779 1269796 1138598 1053430 1051790 939571 1188722 861986 999227 944391 877152 992190 826264 1024022 1141370
905312 683263 940759 697276 776904 819027 783087 1112414 693991 838903 995490 725830 860118 808633 891341 924978 875988 873916 824218 779142 829153 696606 758390 949509
928541 832472 811546 802936 935127 852299 785916 1230982 804680 1006358 1087567 912661 902771 909499 922510 1122046 851334 771231 836591 857588 825741 810671 862681 1113176
713268 747782 1030051 720227 854861 680239 694776 1109776 788046 770930 867252 746526 711201 952358 803677 790839 603628 730897 717567 546001 789859 701685 776634 939081
1126020 1010057 1203815 1086204 1133900 985095 1051551 1391807 1024856 1269944 1463212 1204303 1021835 1087617 1112989 1234410 1015704 1152976 1173886 971832 956445 936020 1066212 1254756
1001213 890948 890358 776087 935943 734362 693718 1144596 981781 936044 1035559 864263 772571 1101373 944384 843925 784406 848840 826508 642359 747343 926960 703711 959055
960337 621194 849325 750388 850513 767097 687230 1184765 804758 864935 970199 810906 819097 782832 775233 893947 866380 797276 726305 700141 725282 771008 834506 955527
853588 841003 954807 949064 893472 948263 934796 1247808 933306 1150569 1199835 1017032 939461 947431 1026472 1187535 911226 862386 1031374 868731 766679 882859 870850 1115661
915736 785383 784013 846808 1016971 738729 731341 1229312 806827 1039890 1129873 880593 854846 891935 849390 1068837 894927 771206 718315 701950 739714 803785 897328 1107090
973631 936520 976244 992592 1076424 918342 845515 1345458 1046772 1183231 1280330 991213 982354 1151004 989638 1105347 945532 846634 1094625 886897 809620 989406 837228 1003091
