1102541 1113068 1168225 981831 1214353 1233715 1274046 1221664 1125545 997847 1151591 839996 1274892 1113190 906814 1152228 1024987 900364 1040416 1016326 959162 1104798 1055257 1076215 1192772 1287085 1033164 1031996 1078135
1240559 1124622 1311282 1214091 1214735 1149487 1224471 1361309 1350169 892040 1327018 994321 1294086 1220446 957361 1271732 1236039 914157 1041578 1172706 1146069 1096211 1260372 1198559 1306774 1201928 982841 1154531 1280097
1458638 1549320 1668654 1609868 1680255 1518725 1663320 1622417 1424939 1171683 1550546 1342056 1618362 1507493 1125147 1605902 1211593 1288147 1237517 1382943 1462026 1494591 1544187 1337139 1346943 1456429 1011767 1493017 1550065
1231549 1239302 1202661 1255430 1237141 1329136 1220033 1439566 1212924 1019012 1286626 1120512 1398384 1288624 969493 1242463 983616 1105332 1040911 1159670 1244081 1242675 1153443 1176444 1178840 1225154 1079936 1099760 1113268
1199138 1100896 1308653 1189842 1271697 1189900 1326871 1358974 1275726 979824 1301374 1064418 1394484 1278873 1144100 1137714 1176742 995726 1121854 1063846 1105764 1263802 1176006 1193818 1227051 1274680 1067051 1130556 1207572
971445 1181219 1115495 1227112 1097792 1170532 1232476 1210206 1098743 852038 1030515 966700 1277147 1177296 906564 1227485 1103510 971484 1067685 932930 1091696 959395 993550 1057368 1105668 1138980 830335 1137353 1176215
1337185 1279955 1272655 1439724 1377628 1252944 1399003 1311213 1350710 946009 1477767 1258250 1512102 1369348 1180829 1305346 1154715 1104701 1204929 1321482 1319339 1323449 1160242 1147543 1350809 1196093 964116 1338293 1291396
1196391 1144518 1317275 1490511 1336223 1271617 1255674 1406415 1287502 1027410 1204032 1049705 1343527 1295682 958806 1344983 1135639 970274 1175831 1140102 1344441 1243623 1334514 1100041 1336841 1171480 940298 1267319 1446464
1214744 1155760 1347324 1400364 1326562 1207899 1427336 1599194 1276188 1053137 1334674 1177022 1315808 1269105 1053447 1414811 1196917 986202 1183210 1296252 1201114 1370105 1300041 1229449 1367428 1315887 1177084 1252962 1347862
775768 897349 865175 849941 948384 996803 868081 905756 794257 770887 882602 716082 1035202 928194 656177 838663 726940 767944 772977 737631 882588 781286 817582 730467 803974 909490 640842 749761 844276
1502925 1245053 1457819 1295071 1457094 1333951 1351428 1302988 1410696 1141844 1349639 972224 1430820 1351134 1086839 1230120 1169479 1087310 1123610 1169650 1267575 1310731 1293327 1102467 1354027 1294283 906915 1270460 1328492
1488880 1573000 1583691 1491131 1559956 1545231 1531098 1677767 1549366 1172385 1497307 1242126 1546833 1560936 1200760 1559487 1368889 1313285 1317005 1463582 1408438 1432722 1468221 1354627 1525951 1522903 1075737 1551026 1502504
1298609 1263886 1521712 1264961 1541140 1231635 1409380 1479021 1412175 1117469 1379150 1049351 1235611 1195455 1178574 1283944 1199670 1092701 1078938 1123019 1106440 1325586 1462207 1209889 1448211 1535494 1020886 1231714 1298864
975543 1036042 1201572 1040477 987424 1116201 1081531 1135017 1062356 860952 966734 860916 1231537 1142102 750681 1042121 976238 845823 885060 811278 1139843 1083056 903723 851796 1034133 1004843 889523 1011438 1064461
1055735 1279953 1256152 1248416 1400001 1282377 1363695 1254434 1182382 1088228 1207648 926255 1458811 1356661 1062837 1232882 1189643 1116281 1126490 1157971 1223467 1189323 1116713 1029156 1170232 1338881 914004 1241657 1181511
1339493 1352322 1471274 1395072 1510931 1360200 1363195 1583623 1386862 1140770 1454057 1233088 1529522 1467648 1257752 1396511 1270076 1148236 1185172 1257756 1323321 1472995 1310179 1297617 1363264 1404410 1190976 1365465 1488677
1278639 1300478 1417325 1404189 1356557 1513497 1405697 1664408 1418815 1298643 1363555 1213283 1597380 1587337 1237261 1404247 1258231 1197264 1279848 1228111 1370272 1472075 1296921 1277733 1386069 1423733 1317886 1304230 1280744
1075490 1137003 1245991 1176465 1241975 1169483 1081387 1151933 1125930 1020796 1053831 867532 1238714 1214177 991264 1075214 995287 968373 955153 1004711 1108696 1078449 1071628 888415 1170677 1189118 861797 1087998 1150385
1135491 1156309 1104051 1026470 1189793 1147692 1116944 1136334 1101364 1040625 1273482 881822 1259406 1197412 983885 1193230 860670 895054 931277 1165564 985809 1142290 1019392 834853 1111334 1140196 870275 1109485 1131203
1219983 1307846 1199995 1280753 1361223 1243343 1162964 1190264 1168787 1049380 1291915 1045048 1412657 1383453 993643 1220175 950399 1098532 1088820 1178296 1294974 1311730 1222934 1036763 1237065 1214643 943436 1187857 1239670
1307027 1206893 1242465 1267817 1355091 1251192 1500849 1344143 1211549 1201849 1153622 941591 1486263 1355996 1053892 1401363 1196538 1105048 1230643 1332590 1243379 1280225 1104657 1091441 1318007 1241674 1028696 1406553 1459447
1299667 1404748 1533945 1371336 1493668 1447943 1358832 1581819 1425429 1146103 1482762 1131968 1591960 1540598 1187632 1326693 1343060 1179440 1225045 1312561 1349574 1384196 1389718 1272777 1409465 1555508 1124392 1207049 1406600
1491211 1474609 1543709 1350622 1650994 1511997 1602275 1568705 1626174 1261315 1579970 1157923 1678578 1560754 1235100 1374489 1339062 1300733 1324946 1287716 1418821 1567142 1524427 1368219 1596486 1604523 1159837 1483318 1423161
1310140 1224478 1303180 1093631 1348542 1162072 1337432 1239148 1197227 992867 1172839 991741 1221835 1149527 1087647 1285505 1072725 1040469 1018680 1097783 1154302 1219026 1161617 1039381 1284102 1270655 979613 1262973 1265321
1131589 1149348 1268092 1303223 1439451 1118652 1320171 1237549 1093804 856533 1275171 1080022 1179352 1038220 906044 1177854 1137768 869246 1018697 1106548 1103464 1093487 1167694 1047192 1187856 1201001 754159 1054510 1241009
1314972 1259983 1372400 1282528 1317522 1265073 1340098 1362654 1356737 1083702 1090451 958190 1327885 1379427 1121597 1217803 1157388 1070538 1142407 1132101 1194098 1266683 1255513 1232909 1461298 1384642 1142750 1315424 1254905
1106159 1204102 1334476 1190028 1447058 1325200 1319648 1360532 1133653 1153232 1332172 1048988 1368374 1311665 1031166 1208750 1029024 953086 1005380 1177076 1215345 1369034 1076871 947188 1239688 1343521 1117731 1218994 1189273
989450 1160866 1195810 1158872 1279365 1185967 1241552 1165822 1085100 978845 1156351 975475 1227144 1145688 855999 1177130 1001756 1034795 1017578 1043032 1142363 1098570 992009 1027107 1108591 1140453 810127 1034994 1039828
1219639 1235145 1332950 1375104 1400220 1188459 1428956 1470179 1313798 1101165 1333781 1121221 1445792 1363876 1097096 1473858 1211494 1106513 1234153 1259705 1304565 1247958 1260072 1257465 1367580 1296660 1069588 1332588 1453302
