947952 880872 838306 901400 999341 983002 707924 961769 755225 997450 793881 742594 1012344 857957 742374 944881 755795 828728 676908 890640 1116867 722598 1071583 870732 1059046 1020061 992610
1007331 873999 969342 1035845 1051226 971561 998231 1131326 967280 1168113 918712 721857 933733 1143182 793723 1123700 952833 1072416 675382 1077905 1354921 950719 1237575 831515 1044337 871792 946902
1271129 793157 1085694 1176503 1071295 1193718 1076352 1253723 1173209 1381012 903945 937988 1087685 1217016 844140 1352814 1102549 1185798 669827 1264159 1411789 870823 1329890 997406 1369907 1158147 1223409
886537 721503 770616 874948 954072 975578 711749 884085 826444 1000563 686826 758689 1069985 1013728 763622 793817 872417 818727 613624 921790 1083903 705080 1062998 773324 924647 882127 889184
1030525 919972 992183 1117325 1231985 1174938 891806 1024184 924176 1132659 967300 872931 1141427 1249943 843656 1124931 911980 1163945 732073 1057037 1292409 889397 1225160 942239 1104752 1192427 906993
1176929 832706 1031919 1198388 1152556 1237739 1028989 1283768 1281178 1302680 897680 921711 1156626 1372460 884780 1063342 1076651 1191225 717505 1233293 1432432 976929 1335539 963863 1337138 1107391 1235879
907521 798886 882373 1047495 953675 1027111 678498 904928 850217 1091257 926808 788084 918319 1141741 602327 885634 844062 1022708 617811 918516 970703 777087 1153276 902178 934596 945122 930396
1042660 817939 917714 976455 1111247 1037926 849024 992336 930895 1166329 927413 732861 1029428 1149769 720561 1147270 947490 1108370 531081 1020627 1180555 862959 1197426 1008731 1225503 1129457 1069217
1051173 965473 893463 1023901 1032431 1082140 890119 1101492 991973 1209373 956432 823382 1116470 1284227 800659 1134829 1082048 1186660 665614 1089167 1279518 877451 1281213 1086574 1126523 1175418 1091017
981650 1122988 1101199 1138436 1171471 1246809 872859 1218965 967208 1190951 1072238 1035205 1145009 1340136 828962 1130837 1133582 1139626 812236 960917 1310517 1029058 1406442 1205937 1194897 1125189 1135537
1018673 891640 936558 922864 965921 1007806 723586 1047503 952847 1126927 830396 753958 916905 1168051 814288 1015786 1015265 849120 612651 944319 1221716 744453 1232108 889431 1200529 967023 1178328
1169798 1009158 1002087 1102202 1069696 1227560 940840 1144132 1111760 1273574 912334 846734 1150466 1323841 916567 1153732 945383 1201264 694811 1261498 1346666 1008816 1297484 996253 1198120 1264216 1145267
1118795 923205 1060765 1017518 1176981 1147164 909018 1154340 1149167 1192199 945468 820526 1085219 1333969 923545 1173631 1100940 1071500 735517 1054581 1332982 941855 1280018 977487 1295651 1091132 1246102
1431193 1040229 1107851 1206165 1346595 1253866 995709 1238270 1158552 1417617 1036896 957059 1234139 1365925 851708 1345808 1077567 1329123 777632 1226450 1489903 947441 1318979 1109513 1396039 1280561 1319932
1082694 1069033 1057329 1059297 1284235 1254256 879538 1144681 1102264 1224476 988826 882647 1259955 1288141 982451 1069533 1044513 1159151 714018 1120921 1423762 1016822 1358427 978035 1248125 1153091 1258835
990555 897337 941266 1008522 1141417 1176395 942334 1240307 1059599 1240204 941259 1002631 1130382 1399415 847630 1066190 1063270 1042001 752907 1060293 1357328 986319 1269200 925703 1065955 1059906 1135027
1117084 1081907 1128023 1261266 1356918 1279207 968032 1236247 1154679 1385560 1176836 1006024 1294722 1482948 985980 1146165 1124902 1232575 824048 1220338 1490578 1119042 1576246 1157924 1343703 1289410 1290044
1044301 887937 919465 1028432 1073603 1143553 692838 1060868 934695 1207255 1025798 803624 995161 1380862 800357 1027991 948140 1016484 719150 988214 1132805 930624 1316212 922486 1135630 1119956 1207010
1209270 1049746 1127054 1113929 1227047 1237252 1013762 1314167 1195528 1353948 966544 896513 1222147 1321856 970310 1259740 1094579 1112878 750120 1214640 1443138 1058628 1414321 992190 1263346 1151815 1252118
1009904 1049905 1011463 1118866 1114657 1135990 824563 1028490 948811 1262315 1051699 922109 1186584 1212673 809390 1122219 918144 1146783 710813 1098392 1258243 830351 1241585 1138721 1115138 1331670 1082184
1276234 1106268 1156349 1203314 1389905 1372243 1033865 1436023 1281719 1509144 1209691 1103598 1241797 1524206 921335 1370493 1306522 1289964 867476 1163582 1468847 1198366 1509119 1139190 1253978 1266417 1411999
1151155 934161 1048324 1229020 1115673 1195184 986594 1238563 1103478 1317670 928024 954190 1217892 1221489 887267 1196895 985792 1162464 747704 1199520 1418672 931802 1324442 1012985 1168782 1223762 1180737
1051958 923264 876907 859436 945199 1056357 826641 1134586 988366 1085423 690264 744037 883713 1166794 840305 1035672 1036001 923379 644450 1048462 1184809 866538 1210561 921312 1099738 997697 1084626
1152790 1117266 1094630 1173690 1254412 1345469 1014125 1285863 1095804 1284681 1070348 1015760 1191954 1250838 888225 1199087 1251925 1176408 908044 1162858 1482897 1063242 1435009 1078591 1375325 1110540 1079407
1257379 1128681 1182917 1298614 1399515 1333235 1159518 1521049 1466923 1573172 1129007 1075319 1417733 1587344 1007526 1269162 1237903 1352937 814300 1391839 1733588 1202274 1569235 1130658 1420859 1348682 1475202
838561 802927 851541 835107 969465 967626 753599 949430 874477 902582 748903 746072 918356 878446 560897 906941 881935 950651 578571 787851 1102421 804159 972342 672507 923539 761111 789523
1416075 982117 1154701 1239465 1332322 1268534 1083412 1339377 1268379 1377181 908036 1035231 1357473 1439801 818746 1436228 1275507 1320162 809694 1277417 1691863 1088487 1530934 913930 1491388 1289809 1238212
