28 28
+203 +141 +12 +91 +372 +346 +57 +75 +320 +219 +47 +142 +311 +55 +266 +396 +52 +381 +198  +1 +62 +206 +52 +54 +140 +311 +32 +26
+42 +368 +147 +258 +63 +143 +297 +163 +296 +163 +74 +17 +256 +187 +263 +152 +395 +57  +7 +148 +114 +188 +70 +233 +55 +12 +375 +223
+387 +297 +138 +84 +331 +393 +330 +171 +84 +57 +198 +80 +370 +312 +182 +114 +153 +190 +396 +393 +42 +379 +381 +10 +318 +31 +382 +84
+92 +151 +286 +199 +379 +384 +243 +156 +363 +95 +358 +149 +362 +376 +211 +81  +2 +242 +377 +64 +113 +363 +55 +206 +69 +243 +16  +6
+102 +275 +169 +56 +351 +344 +310 +67 +10 +87 +271 +165 +84 +240 +217 +294 +354 +135 +369 +25 +337 +53 +168 +34 +296 +170 +328 +234
+104 +270 +94 +392 +228 +174 +311 +56  +1 +352 +306 +196 +146 +88 +392 +73 +365 +46 +194 +53 +104 +303 +239 +354 +382 +163 +253 +311
+82 +76 +133 +31 +113 +255 +383 +142 +266 +344  +1 +55 +348 +159 +330 +314 +279 +337 +27 +324 +217 +303 +223 +86 +81 +366 +204 +154
+185 +264 +162 +180 +91 +285 +276 +216 +141 +49 +350 +70 +86 +252 +231 +125 +278 +284 +216 +106 +197 +122 +14 +244 +45 +251 +50 +222
+85 +171 +322  +9 +128 +306 +355 +298 +257 +295 +264 +320 +84 +134 +169 +182 +175 +274 +56 +22 +169 +215 +21 +97 +129 +355 +10 +222
+65 +55 +310 +109  +5 +236 +338 +178 +149 +92 +20 +101 +372 +324 +236 +177 +275 +187 +219 +230 +248 +121 +244 +131 +272 +223 +45 +137
+358 +143 +185 +17  +0 +246 +366 +208 +66 +218 +233 +101 +20 +337 +204 +224  +0 +353 +116 +159 +18 +166 +209 +390 +294 +256 +341 +254
+38 +202 +188 +80 +63 +30 +30 +160 +221 +192 +384 +116 +274 +382 +174 +208 +139 +288 +338 +273  +2 +221 +189 +165 +91 +96 +236  +0
+382 +60 +109 +11 +18 +313 +155 +19 +96 +183 +382 +233 +124 +296 +41 +246 +101 +128 +370 +362 +172 +76 +30 +30 +194 +365 +310 +227
+154 +195 +199 +238 +31 +239 +250 +76 +231 +301 +399 +245 +90 +182 +71 +174 +199 +366 +238 +174 +187 +202 +343 +317 +377 +300 +102  +9
+211 +218 +81  +7 +333 +171 +207 +192 +73 +387 +233 +143 +302 +168  +7 +360 +331 +250 +98 +59 +39 +257  +5 +367 +399 +363 +52 +207
+208 +126 +193 +97 +246 +180 +29 +363 +43 +21  +6 +154 +371 +322 +300 +65  +6 +312 +151 +240 +62 +183 +60 +15 +212 +261  +7 +195
+336 +247 +134 +127 +362 +88 +117 +268  +8 +60 +322 +198 +393 +288 +255 +211 +371 +175 +65 +210 +117 +308 +179 +32 +164 +260 +233 +197
+248 +331 +23 +70 +57 +344 +106 +104 +238 +241 +231 +330 +372 +279 +25 +143 +119 +55 +191 +396 +246 +140 +236 +213 +211 +279 +216 +167
+175 +389 +228 +63 +395 +336 +283 +98 +256 +210 +227 +96 +212 +21 +90 +27 +281 +383 +104 +67 +361 +35 +325 +107 +138  +0 +141 +64
+266 +284 +273 +396 +343 +212 +210 +371 +371 +188 +151 +190 +73 +92 +31 +70 +295 +177 +16 +60 +170 +218 +299 +310 +323 +169 +286 +227
+33 +58 +354 +265 +366 +183 +194 +396 +314 +302  +1 +15 +80 +266 +343 +103 +127 +90 +247 +111 +322 +210 +41  +7 +296 +158 +188 +399
+236 +271 +161 +19 +294 +37 +79 +123 +14 +120 +328 +20 +353 +91 +89 +26 +18 +54 +377 +86 +32 +373 +185 +232 +177 +109 +46 +345
+77 +28 +324 +209 +358 +329 +78 +310 +153 +277 +181 +106 +299 +207 +321 +355 +254 +81 +178 +66 +87 +367  +6 +328 +129 +141 +39 +236
+158 +82 +229 +399 +388 +356 +382 +234 +339 +191 +75 +288 +137 +191 +155 +286 +130 +76 +156 +263 +56 +183 +346 +66 +165 +81 +134 +169
+71 +95 +301 +94  +3 +79 +89 +10 +169 +130 +339 +34 +35 +83 +81 +40 +348 +162 +171  +4 +198 +236 +47 +220 +186 +109 +169  +1
+103 +314 +81 +143 +205 +18 +379 +54 +331 +52 +45 +246 +195 +102 +18 +141 +240 +244 +236 +365 +304 +228 +396 +244 +11 +348 +164 +341
+391 +173 +120 +395 +143 +236 +273 +119 +345 +53 +102 +322 +87 +13 +147 +198 +317 +344 +301 +359 +197 +258 +117 +197 +282 +165 +46 +148
+274 +350 +286 +258 +104 +168 +126 +128 +30 +44 +338 +390 +218 +375 +189 +183 +345 +230  +9 +322 +196 +172 +313 +227 +365 +395 +27 +45
