35 35
+313 +208 +193 +171 +271 +335 +134 +176 +161 +244 +110 +285 +208 +285 +354 +166 +170 +398 +128 +33 +121 +195 +179 +269 +304 +319 +45 +377 +209 +185 +271 +247 +208 +248 +352
+373 +316 +284 +160 +349 +29 +356 +254 +161 +21 +298 +280 +386 +95 +384 +259  +2 +238 +87 +103 +121 +84 +375 +307 +187 +202  +3 +395 +148 +233 +390 +61 +223 +193 +243
+310 +347 +45 +236 +361 +313 +41 +82 +308 +367 +317 +159 +233 +205 +385 +322 +185 +128 +226 +217 +112 +160 +170 +135 +397 +348 +219 +237 +258 +284 +165 +282 +152 +336 +346
+259 +74 +374 +271 +194 +250 +320 +109 +147 +219  +5 +167 +250 +366 +286 +319 +279 +184 +324 +188 +297 +394 +222 +199 +311 +287 +263 +299 +228  +7 +108 +16 +24 +27 +256
+242 +124 +152 +391 +215 +32 +260 +395 +95 +279 +179 +186 +208 +244 +116 +277 +230 +264 +98 +203 +283  +3 +381 +197 +219 +389 +345 +301 +337 +176 +252 +60 +290 +133 +361
+148 +206 +389 +289 +314 +153 +282 +238 +216 +301 +246 +304 +314 +246 +188 +342 +121 +60 +42 +328 +74 +334 +80 +131 +282 +260 +322 +99 +80 +323 +148 +156 +192 +317 +330
+145 +119 +277 +142 +295 +382 +182 +377 +399 +149 +178 +88 +73 +190 +29 +327 +147 +343 +258 +316 +77 +343 +369 +190 +235 +171 +129 +385 +254 +332 +81 +395 +164 +63 +235
+379 +56 +202 +357 +212 +394 +368 +371 +382 +177  +7 +112 +263 +208 +189 +219 +150 +201 +35 +260 +258 +152 +166 +84 +59 +289 +137 +395 +156 +320 +13 +372  +2 +385 +142
+305 +237 +208 +287 +117 +367 +364 +223 +398 +168 +61 +201 +79 +13 +198 +17 +255  +2 +60 +153 +324  +5 +122 +289 +38 +328 +355  +3 +101 +366 +307 +337 +220 +209 +278
+75  +4 +351 +127 +118 +318 +42 +187  +2 +201 +225 +91 +165 +196 +68 +30 +253 +241 +58 +377 +155 +212 +331 +102 +254 +22 +146 +388 +232 +184 +266 +262 +380 +133 +40
+246 +343 +165 +191 +17 +304 +299 +47 +357 +392 +251 +27 +139 +337 +135 +53 +69 +228 +280 +185 +90  +2 +37 +260 +287 +278 +78 +342 +56 +127 +41 +67 +168 +74 +60
+185 +389 +54 +357 +247 +73 +49 +199 +191 +398 +157 +66 +348 +120 +67 +325 +202 +369 +38 +280 +357 +294 +324 +36 +44 +241 +75 +381 +246 +55 +279 +256 +326 +160 +277
+324 +238 +129 +64 +162 +76 +161 +73 +210 +239 +264 +220 +89 +99 +372 +368 +344 +208 +144 +192 +160 +133 +202 +295  +6 +133 +150 +165 +34 +114 +40 +79 +198 +248 +392
+137 +306 +347 +102 +278 +163 +80 +137 +238 +377 +44 +157 +68 +343 +23 +385 +67 +200 +61 +83 +307 +278 +44 +166 +399 +274 +27 +242 +375 +70 +73 +62 +279 +265  +4
+109 +199 +205 +320 +363 +265 +45 +32 +156 +49 +356 +215 +166 +214 +399 +238 +53 +180 +275 +189 +65 +84 +13 +198 +339 +108 +224 +370 +58 +92 +389 +11 +266 +260 +128
+231 +199 +63 +325 +383 +199 +58 +150 +374 +254 +263 +220 +197 +355 +85 +346 +296 +15 +232 +181 +367 +68 +18 +314 +40 +35 +73 +177 +234 +211 +214 +360 +222 +89 +76
+299 +237 +189 +227 +77 +266 +171 +346 +213 +397  +4 +12 +61 +44 +357 +32 +374 +130 +136 +358 +330 +57 +131 +301 +390  +1 +274 +61 +132 +320 +351 +22 +161 +225 +128
+63 +46 +238 +247 +213 +96 +327 +90 +123 +11 +237 +177 +14 +313 +395 +23 +209 +23 +102 +281 +393 +362 +356 +52 +336 +103 +320  +1 +342 +35 +160 +387 +343 +349 +379
+51 +221 +290 +235 +299 +134 +159 +191 +225 +250 +182 +216 +85 +373 +31 +174 +109 +279 +26 +35 +226 +321 +352 +331 +43 +317 +56 +371 +188 +309 +272 +130 +294 +132  +5
+120 +119 +347 +248 +250 +137 +327 +380 +329 +204 +68 +297 +11 +354 +174 +12 +89 +361 +349 +367 +105 +205 +133 +323 +237 +26 +342 +136 +355 +197 +54 +109 +231 +97 +46
+173 +272 +233 +249 +226 +242 +90 +231 +220 +369  +4 +312 +225 +73 +104 +134 +109 +129 +60 +34 +28 +100 +50 +248 +10 +101 +226 +358 +217 +210 +237 +342 +264 +391 +157
+193 +60 +40 +307 +70 +59 +93 +102 +257 +183 +314 +190 +367 +281 +262 +327 +142 +185 +86 +267 +135 +49 +56 +223 +391 +227 +114 +24 +378 +196 +46 +76 +346 +398 +214
+90 +226 +334 +145 +256 +377 +236 +57 +61 +272 +67 +392 +196 +142 +373 +172 +317 +151 +395 +305 +249 +214 +135 +288 +292 +127 +68 +67 +77 +193 +160 +358 +362 +122 +188
+27 +95 +28 +296 +166 +133 +391 +143  +6 +358 +356 +105 +290 +225 +258 +24 +39 +128 +92 +36 +301 +344 +197 +289 +196 +223 +27 +45 +153 +320 +354 +246 +337 +248 +103
+333 +327 +177 +257 +113 +48 +231 +358 +100 +38 +197 +153 +222 +349 +207 +391 +140 +389 +305 +197 +246 +224 +258 +53 +149 +129 +348 +179 +271 +19 +217 +237 +187 +18 +126
+399 +92 +128 +364 +87 +311 +298 +333 +278 +262 +281 +196 +44 +18 +299 +234 +36 +299 +293 +191 +124 +71 +301 +328 +216 +103 +277 +355  +4 +100 +11 +76 +233 +144 +13
+104  +6 +57 +25 +70 +300 +137 +307 +86 +88 +17 +316 +12 +188 +44 +366 +351 +71 +110 +227 +203 +230 +17 +359 +313 +244 +40 +358 +97 +148 +284  +3 +180 +46 +36
+68 +106 +40 +18 +28 +22 +12 +38 +167 +100 +268 +17 +253 +132 +315 +158 +110 +69 +168 +388 +383 +89 +285 +372 +191 +222 +87 +270 +221 +332 +348 +115 +190 +68 +243
+331 +360 +223 +272 +287 +391 +117 +242 +383 +374 +236 +209 +224 +227 +239 +395 +37 +20 +282 +84 +333 +38 +21 +225 +185 +175 +212 +134 +359 +164 +180 +24 +274  +7 +141
+307 +35 +265 +259 +295 +372 +349 +33 +213 +203 +305 +110 +374 +113 +204 +235 +307 +63 +52 +395 +150 +112 +55 +323 +128 +216 +154 +243 +75 +165 +329 +286 +10 +71 +174
+13 +20 +19  +7 +120 +199 +13 +316 +106 +396 +114 +32 +293 +35 +164 +89 +256 +369 +123 +349 +13 +380 +390 +218 +23 +15 +173 +308 +300 +321 +387 +61 +96 +395 +207
+329 +76 +208 +41 +395 +24 +302 +275 +215 +167 +79 +232 +52 +60 +218 +70 +11 +150 +161 +154 +336 +29 +39 +205 +10 +352 +281 +136 +366 +274 +172 +247 +13 +172 +375
+232 +30 +12 +110 +173 +131 +353 +334 +43 +173 +389 +33 +216 +46 +14 +211 +37 +320 +302 +399 +216 +126 +290 +64 +220 +111 +191 +223 +124 +392 +56 +374 +258 +53 +162
+231 +17 +18 +267 +120 +164 +289 +134 +281 +348 +399 +98 +210 +167 +259 +134 +30 +335 +224 +315 +61 +91 +90 +65 +145 +323 +291 +44 +156 +340 +178 +222 +258 +90 +117
+138 +60 +297 +209 +147 +352 +279 +94 +168 +298 +225 +156 +17 +315 +63 +251 +215  +5 +242 +104 +11 +13 +140 +25 +362 +316 +106 +120 +84 +339 +91 +14 +131 +146 +307
