60 60
+88 +293 +285 +269 +397 +337 +68  +9 +300 +177 +40 +210 +190 +349 +344 +366 +398 +87 +276 +192 +112 +385 +162 +173 +340 +234 +112 +348 +267 +73 +115 +306 +174 +205 +365 +73 +116 +18 +301 +353 +206 +13 +106 +13 +200 +75 +133 +322 +120 +262 +145 +224 +329 +16 +394 +62 +22 +50 +104 +280
+120 +135 +94 +329 +46 +288 +346 +218 +163 +339 +279 +292 +290 +44 +361 +376 +237 +317 +27 +155 +258 +340 +268 +51 +163 +16 +23 +75 +17 +92 +23 +37 +314 +138 +278 +217  +7 +74 +72 +200 +390 +219 +250 +168 +294 +97 +59 +365 +64 +284 +246 +258 +117  +3 +163 +76 +251 +28 +176 +150
+276 +114 +292 +359 +59 +390 +329 +64 +110 +330 +124 +38 +216 +300 +180 +311 +55 +361 +95 +246 +343 +28 +197 +171 +239 +241 +240 +174 +303 +160 +399 +72  +3 +232 +285 +218 +155 +90 +306 +364 +76 +268 +78 +347 +62 +287 +288 +362 +352 +320 +202 +330 +305 +375 +326 +249 +234 +375 +144 +365
+65 +349 +85 +189 +185 +348 +368 +206 +329 +263 +123 +174 +111 +238 +188 +192 +378 +131 +309 +116 +347 +173 +47 +262 +172 +340 +389 +285 +98 +120 +274 +208 +376 +60 +327  +5 +133 +307 +66 +355 +270 +164 +252 +244 +305 +335 +86 +375 +320 +399 +223 +374 +256 +376 +374 +313 +187 +16 +234 +240
+257 +143 +269 +271 +82 +33 +166 +102 +383 +52 +170 +214 +374 +220 +338 +330 +137 +302 +302 +12 +304 +202 +315 +336 +275 +16 +69 +394 +285 +301 +267 +352 +264 +229 +127 +196 +335 +147 +343 +232 +71 +65 +309 +83 +277 +68 +50 +102 +301 +219 +57 +232 +256 +321 +312 +217 +396 +19 +228 +246
+70 +96 +32 +370 +13 +109 +193 +58 +192 +338 +311 +174 +328 +100 +359 +76 +147 +204 +352 +220 +95 +67 +69 +194 +338 +306 +32 +98 +76 +163 +68 +190 +336 +379 +47 +52 +200 +122 +259 +139 +305 +282 +87 +254 +140 +374 +144 +94 +388 +162 +83 +225 +278 +35  +2 +189 +245 +118 +327 +50
+102 +71  +6 +165 +222 +309 +264 +294 +295 +98 +140 +14 +137 +37 +273 +376 +55 +380 +305 +387 +276 +203 +332 +44 +109 +91 +234 +309 +368 +287 +302 +231 +369 +329 +397 +340 +310 +21  +9 +240 +217 +148 +186 +252 +259 +179 +195 +246 +229 +276 +372 +359 +184 +328 +139 +144 +290 +397 +20 +326
+67 +145 +278 +279  +8 +241 +62 +78 +37 +123 +314 +391 +137 +350 +66 +283 +221 +45 +122 +379 +314 +193 +380 +362 +223 +72 +89 +58 +46 +308 +257 +186 +332 +316 +227 +284 +164 +272 +217 +206 +301 +224 +122 +24 +271 +37 +57 +195 +66 +48 +322 +84 +325 +111 +83 +280 +254 +203 +164 +263
+20 +110 +202 +396 +59 +51 +61 +184 +393 +362 +280 +169 +182 +236 +279 +43 +234 +223 +253 +396 +278 +35 +137 +399 +238 +365 +161 +370 +66 +29 +364 +208 +267 +324 +330 +88 +67 +80 +161 +260 +292 +218 +359 +249 +89 +82 +13 +252 +143 +217 +379 +78 +284 +262 +124 +239 +115 +43 +164 +49
+343  +9 +71 +186 +33 +151 +347 +99 +156 +345 +309 +230 +340 +53 +119 +157 +92 +188 +75 +52 +34 +270 +68 +237 +373 +261 +390  +6 +195  +0 +278 +105 +68 +263 +136 +98 +164 +125 +375 +362 +167 +161 +310 +196 +293 +49 +53 +347 +241 +35 +197 +44 +240 +143 +357 +92 +186 +200 +359 +324
+141 +333 +92 +158 +190 +205 +355 +73 +10 +253  +2 +238 +158 +354 +384 +364 +133 +76 +289 +334 +334 +70 +248 +159 +201 +374 +200 +235 +391 +197 +259 +389 +259 +21 +295 +198 +205 +186 +284 +37 +190 +163 +244 +214 +92 +358 +346 +261 +26 +162 +150 +167 +336 +355 +33 +147 +264 +289 +160 +269
+51 +39 +143 +397 +338 +349 +275 +66 +34 +186 +132 +282 +178 +256 +184  +7 +388 +150 +177 +231 +119 +387 +126 +111 +235 +361 +153 +144 +86 +89 +186 +247 +160 +215 +105 +163 +140 +331 +95 +150 +263 +262 +244 +154 +22 +50 +92 +233 +255 +361 +34 +71 +225 +345 +307 +180 +135 +38 +224 +348
+393 +256 +170 +354 +186 +142 +118 +161 +237 +70 +236 +163 +219 +310 +100 +329 +108 +225 +338 +34 +289 +374 +21 +309 +155 +288 +261 +71  +0 +397 +226 +89 +87 +20 +374 +89 +178 +380 +392 +196 +225 +27 +296 +212 +117 +242 +42 +321 +89 +81 +291 +283 +54 +280 +54 +356 +229 +257 +35 +273
+114 +232 +296 +342 +180 +398 +158 +298 +135 +144 +30 +153 +316 +182 +44 +65 +358 +346 +206 +351 +263 +144 +208 +93 +91 +228 +191 +156  +7 +305 +138 +350 +250 +391 +233 +340 +190 +40 +98 +73 +294 +180 +252 +391 +105 +364 +101 +111 +291 +99 +370 +195 +228 +147 +113 +70 +157 +256 +49 +159
+57 +379 +242 +174 +263 +21 +177 +111 +109 +174 +129 +10 +393 +363 +207 +356 +339 +194 +223 +22 +275 +352 +232 +207 +320 +247 +325 +342 +161 +375 +201 +82 +340 +10 +156 +169 +176 +283 +235 +180 +364 +394 +387 +334 +187 +274 +120  +3 +12 +238 +123 +216 +389  +0 +271 +351 +210 +185 +236 +57
+347 +101 +314 +21 +195 +185 +140 +284 +138 +246 +132 +196  +4 +326 +94 +204 +361 +200 +175 +236 +87 +341 +103 +122 +77 +236 +300 +123 +96 +363 +271 +124 +217 +16 +108 +88 +275 +199 +200 +87 +192 +155 +231 +53 +37 +346 +287 +52 +56 +58 +129 +207 +157 +309 +228 +318 +52 +257 +281 +74
+209 +82 +283 +132 +264 +302 +101 +193 +272 +224 +181 +36 +360  +6 +123 +299 +262 +17 +238 +31 +362 +226 +217 +389 +340 +84 +357 +69 +375 +352 +268 +310 +350 +237 +126 +312 +269 +108 +67 +172 +74 +372 +54 +67 +271 +110 +87 +304 +40 +231  +4 +158 +233 +358 +245 +139 +30 +344 +364  +8
+296  +4 +28 +377 +255 +243 +72 +178 +147 +281  +0 +136 +94 +360 +44 +360 +221 +51 +45 +373 +311 +44 +358 +383 +147 +10 +229 +99 +349 +274 +336 +213 +203 +18 +293 +146 +44 +108 +168 +148 +91 +290 +114 +89 +103 +204 +331 +337 +58 +111 +383 +44 +333 +114 +275 +29 +336  +5 +30 +355
+358 +92 +87 +369 +249 +362 +377 +300 +375 +165 +160 +357 +269 +254 +26 +125 +105 +62 +312 +183 +382 +199 +203 +159 +294 +140 +334 +230 +209 +178 +274 +150 +350 +174 +284 +176 +271 +383 +182 +317 +120 +346 +267 +135 +340 +360 +163 +398 +343 +189 +16 +341 +218 +328 +226 +79 +54 +346 +294 +205
+341 +237 +246 +122 +309 +72 +239 +269 +370 +193 +329 +52 +187 +83 +248 +398 +155 +380 +167 +61 +186 +170 +216 +33 +190 +311 +105 +65 +363 +242 +197 +372 +192 +126 +44 +209 +231 +128 +183 +106 +377 +228 +134 +167 +54 +28 +344 +126 +16 +399 +384 +158 +388 +320 +80 +282 +146 +194 +381 +22
+209 +60 +206 +49 +67 +159 +312 +182 +95 +329 +95  +8 +181 +14 +277 +193 +348 +145 +82 +26 +268 +170 +241 +258 +281 +162 +72 +91 +211 +361 +213 +359 +56 +82 +269  +2 +366 +60 +385 +159 +357 +179 +150 +233 +347 +292 +61 +119 +139 +248 +187 +85 +307 +76 +391 +50 +151 +40  +9  +8
+344 +69 +22 +273 +45 +107 +375 +73 +32 +138 +52 +398 +143 +320 +23 +187 +384 +180 +98 +226 +366 +82 +60 +270 +59 +103 +327 +182 +186 +362 +84 +222 +315 +41 +148 +120 +334 +304 +235 +276 +209 +120 +247 +131 +130 +58 +19 +97 +96 +222 +177 +107 +236 +45 +126 +14 +32 +153 +151 +398
+53 +258 +345 +109 +57 +317 +325 +235 +180 +386 +76 +141  +6 +323 +333 +219 +276 +201 +17 +22 +355 +147 +37 +253 +163 +89 +127 +212 +70 +341 +232 +397 +236 +300 +202 +192 +214 +265 +342  +5 +189  +6 +346 +170 +198 +132 +300 +291 +319 +399 +204 +303 +361 +325 +340  +8 +178  +0 +112 +343
+194 +132 +361 +355 +308 +278 +117 +394 +278 +345 +384 +156 +259 +264 +384 +16 +285 +245 +45  +2  +4 +381 +141 +208 +14 +128 +145 +165 +227 +102 +201 +279 +176 +90 +154 +252 +293 +350 +100 +350 +16 +158 +362 +149 +98 +293 +264 +382 +149 +243 +247 +188 +386 +215 +249 +130 +380 +145 +34 +378
+193 +48 +293 +236 +170 +141 +135 +331 +118 +84 +238 +117 +146 +194 +134 +253 +396 +142 +223 +231 +209 +98 +155 +218 +111 +58 +304 +78 +333 +103 +238 +51 +231 +359 +21 +395 +60 +238 +291 +273 +30 +329 +344 +154 +11 +179 +79 +317 +11 +344 +261 +149 +381 +316 +363 +187 +13 +261 +372 +222
+219 +342 +27 +253 +198 +91 +165 +138 +121 +11 +191 +262 +115 +73 +324 +270 +303 +377  +7 +326 +353 +331 +277 +123 +388 +326 +62 +305 +321 +332 +43 +368 +92 +76 +349 +216 +285 +152 +206 +325 +321 +65 +71 +112 +84 +53 +100 +332 +138 +249 +238 +135 +92 +63 +167 +206 +289 +103 +159 +205
+346 +295 +37 +82 +86 +353 +389 +170 +67 +324 +149 +21 +107 +94 +308 +363 +71 +97 +127 +257 +336 +220 +55 +123 +240 +91 +372 +83 +61 +306 +47 +68 +358 +379 +272 +263 +257 +75 +273 +190 +183 +329 +154 +258 +128 +88 +321 +326 +160 +105 +206 +142 +61 +90 +143 +284 +233 +389 +93 +207
+223 +161 +35 +259 +369 +95 +362 +149 +366 +256 +145 +215 +12 +103 +132 +29 +367 +57 +227 +323 +365 +142 +274 +209 +110 +217 +117 +180 +397 +172 +12 +60 +38 +395 +253 +303 +140 +274 +341 +27 +184 +346 +369 +107 +375 +202 +188 +57 +371 +303 +247 +64 +336 +232 +392  +5 +269 +72 +89 +41
+221 +81 +135 +22 +275 +30 +89 +385 +278 +338 +325 +161 +289 +100 +149 +72 +41 +380 +281 +128 +14 +214 +372 +224 +92 +298 +210 +399 +249 +58 +46 +344 +376 +226 +291 +54 +110 +99 +118 +112 +59 +61 +310 +60 +40 +79 +96 +268 +302 +176 +279 +250 +388 +87 +156 +354 +386 +251 +86 +399
+196 +165 +11 +29 +207 +127 +174 +263 +196 +28 +189 +109 +49 +297 +177 +76 +13 +113 +122 +183 +170 +262 +54 +181 +389 +246 +211  +4 +320 +197  +7 +310 +350 +214 +154 +57 +247 +394 +74 +72 +266 +341 +159 +163 +251 +364 +90 +379 +164 +293 +208 +338 +289 +210 +300 +315 +215 +240 +238 +310
+22  +7 +19 +295 +187 +47 +284 +176 +209 +185 +317 +16 +392 +377 +267 +280  +8 +117 +252 +175 +243 +12 +99 +83 +234 +374 +309 +270 +251 +208 +110 +113 +377 +59 +82 +355 +225 +356  +5 +215 +301 +214 +172 +94 +397 +343 +258 +382 +102 +175 +62 +360 +240 +305 +146 +76 +281 +29 +341 +239
+319 +175 +34 +150 +20 +35 +200 +43 +43 +348 +114 +283 +332 +147 +261 +56 +381 +211 +255 +307 +82 +102 +97 +343 +133 +390 +393 +205 +341 +100 +384 +52 +73 +28 +299 +95 +153 +270 +12 +392 +285 +24 +74 +310 +276 +202 +225 +33 +287 +298 +114 +152 +57  +8 +42 +15 +128 +191 +152 +370
+165 +292 +221 +198 +30 +369 +138 +340  +3 +188 +387 +309 +387 +83 +78 +75 +301 +220 +371 +198 +216 +268 +99 +91 +189 +294 +126 +110 +14 +290  +5 +376 +308 +73 +161 +158 +72 +295 +373 +52 +344 +194 +240 +299 +383 +245 +297 +157  +5 +262 +97 +48 +282 +182 +43 +365 +391 +340 +379 +317
+222 +257 +288 +251 +334 +74 +237 +357 +299 +226 +165 +57  +1 +343 +164 +177 +201 +274 +288 +347 +387 +94 +300 +11 +359 +354 +270 +118 +33 +15 +141 +196 +134 +166 +186 +122 +302 +363 +282 +218 +106 +313 +269 +27 +306 +260 +332 +115 +93 +304 +387 +362 +146 +211 +247 +325 +264 +52 +220 +67
+145 +313 +375 +309 +178 +393 +182 +262 +118 +308 +88 +30 +48 +72 +243 +290 +22 +202 +45 +46 +130 +385 +248 +28 +48 +101 +358 +370 +257 +213 +243 +155 +144 +296 +112  +2 +243 +114 +296 +48  +9  +4 +13 +183 +69 +379 +181 +216 +177 +221 +317 +168 +289 +308 +206 +306 +398 +106 +398 +257
+71 +355 +248 +173 +144 +32 +20 +312 +133 +284 +144 +236 +307 +241 +392 +200 +10 +272 +37 +157 +139 +39 +398 +247 +190 +83 +91 +205 +60 +61 +221 +57 +295 +103 +142 +248 +253 +189  +9 +251 +81 +344 +301 +175 +358 +119 +160 +70 +398 +192 +51 +22 +210 +291 +140 +62 +339 +313 +47 +341
+214 +170 +18 +347 +138 +319 +244 +107 +24 +55 +276 +343 +256 +197  +6 +232 +240 +106 +354 +210 +229 +138 +117 +198 +51 +338 +327 +293 +303 +358 +343 +358 +337 +323 +255 +248 +139 +31 +230 +86 +344 +99 +266 +41 +29 +196 +349 +287 +398 +153 +58 +11 +175 +308 +49 +351 +364 +101 +239 +396
+233 +213 +20 +327 +243 +320 +239 +162 +271 +157 +298 +399 +154 +174 +343 +130 +341 +324 +226 +320 +398 +265 +363 +326 +31 +145 +286 +156 +16  +9 +364 +39 +302 +41 +149 +309 +274 +167 +248 +320 +376 +17 +316 +161 +223 +340 +365 +78 +211 +377 +315 +289 +164 +12 +185 +122 +338 +297 +25 +91
+72 +164 +201 +301 +247 +112 +77 +260 +85 +109 +106 +138 +73  +7 +31 +125 +345 +71 +283 +164 +11 +360 +365 +282 +246 +390 +324 +19 +261 +227 +212 +321 +306 +304 +32 +109 +305 +73 +74 +217 +138 +44 +315 +144 +329 +116 +14 +39 +73 +342 +390 +199 +91 +390 +163 +245 +163 +243 +332 +80
+136 +99 +73 +297 +318 +290 +307 +399 +157 +166 +169 +20 +21 +19 +51 +48 +351 +166 +113 +290 +66 +224 +308 +67 +161 +78 +84 +233 +295 +13 +122 +193 +264 +123 +51 +178 +260 +366  +2 +252 +138 +312 +119 +291 +45 +331 +45 +174 +142 +138 +26 +250 +220 +265 +398 +376 +256 +125 +320 +214
+278 +251 +222 +257 +395 +151 +164 +59 +71 +323 +219 +258 +231 +324 +334 +302 +28 +232 +258 +150 +62 +27 +186 +165 +75 +164 +278 +365 +353 +25 +385 +78 +376 +128 +243 +137 +204 +62 +30 +143 +336 +262 +190 +299 +329  +3 +309 +155 +379 +34 +174 +309 +22 +344 +340 +137 +305 +63 +327 +320
+25 +131 +58 +191 +89 +169 +319 +209 +283 +328 +14 +188 +41 +118 +358 +380 +53 +311 +154 +232 +196 +141 +274 +95 +273 +32 +384 +278 +75 +224 +387 +270 +143 +393 +232 +254 +73 +116 +357 +145 +124 +189 +141 +304 +214 +158 +259 +290 +51 +247 +119  +6  +1 +375 +315 +98 +333 +381 +335 +174
+381 +112 +302 +29 +23 +366 +386  +2 +111 +52 +72 +74 +135 +41 +354 +189 +235 +23 +196 +342 +149 +200 +376 +254 +68 +108 +365 +55 +232 +83 +236 +326 +176 +326 +368 +90 +335 +78 +176 +383 +63 +121 +59 +259 +57 +257 +197 +373 +212 +75 +190 +315 +385 +239 +218 +126 +165 +294  +7 +95
+327 +152 +49 +279 +272 +300 +362 +53 +149 +281 +216 +39 +369 +121 +72 +317 +267 +399 +195 +261 +254 +281 +381 +48 +51 +104 +243 +326 +290 +188 +60 +35 +104 +17 +204 +358 +114 +62 +349 +259 +75  +4 +294 +367 +171 +264 +42 +369 +205 +189 +10 +318 +112 +361 +331 +261 +197 +90 +53 +385
+359 +362 +167 +212 +252 +383 +39 +342 +394 +92 +19 +82 +293 +118 +118 +32 +297 +162 +369 +291 +122 +310 +234 +350 +187 +105 +206 +338 +49 +365 +100 +315 +148 +209 +250 +47 +13 +42 +262 +294 +143 +21 +364 +141 +52 +79 +336 +342 +89 +101 +48 +368 +194 +111 +84 +123 +59 +193 +397 +157
+262 +330 +161 +177 +152 +315 +60 +399 +256 +43 +259 +217 +102 +277 +261 +262 +137 +380 +201 +282  +1 +235 +268 +379 +397 +300 +374 +180 +251 +108 +338 +301 +220 +108 +236 +40 +293 +172 +288 +37 +219 +250 +159 +153 +239 +202 +78 +355 +275 +177 +330 +119 +218 +395 +324 +166 +90 +374 +91 +24
+210 +210 +152 +102 +316 +54 +360 +223 +300 +47 +117 +225 +215 +64 +85 +292 +198 +87 +75 +236 +264 +117 +132 +58 +187 +335  +4 +336 +24 +154 +134 +311 +280 +259 +252 +100 +116 +362 +241 +132 +73 +237 +274 +238 +97 +346 +261 +245 +322 +247 +352 +172 +242 +153 +191 +132 +274 +228 +88 +290
+71 +338 +41 +91 +72 +295 +284 +360 +106 +26 +248 +269 +124  +3 +255 +378 +375 +310 +169 +57 +262 +276 +228 +122 +190 +298 +197 +357 +238 +42 +102 +45 +368 +292 +254 +85 +99 +391 +212 +193 +129 +158 +319 +43 +54 +179 +220 +258 +45 +199 +175 +275 +340 +195 +216 +51 +113 +296 +374 +126
+63 +23 +264 +75 +91  +6 +45 +139 +309 +220 +88 +271 +268 +395 +125 +288 +124 +344 +280 +294 +144 +239 +370 +142 +263 +113 +169 +176 +59 +200  +5 +327 +147 +27 +135 +174 +398 +172 +369 +307 +138 +67 +26 +364 +61 +294 +380 +234 +261 +364 +121 +65 +82 +26 +90 +226 +325 +95 +39 +387
+144 +392 +83 +252 +107 +34 +76 +13 +326 +351 +271 +313 +313 +73 +181 +57 +160 +203 +250 +399 +209 +106 +11 +52 +139 +231 +100 +62 +313 +245 +233 +82 +43 +104 +221  +2 +399 +128 +286 +223 +93 +121 +397 +254 +276 +178 +151 +107 +26 +70 +306 +383 +394 +152 +169 +345 +186 +380 +79 +378
+278 +63 +49 +380 +64 +209 +258 +110 +74 +283 +325 +156 +386 +175 +72 +306 +171 +119 +30 +294 +81 +386 +319  +3 +87 +229 +154 +341 +230 +178 +196 +115 +284 +279 +290 +154 +195 +391 +270 +166 +43 +128 +15 +38 +181 +350 +315 +91  +0 +311 +167 +180 +134 +41 +254 +345 +361 +60 +334 +263
+255 +229 +365 +101 +214 +188 +181 +52 +229 +239 +61 +203 +219 +269 +281 +328 +13 +70 +367 +397 +113 +304 +179 +363 +33 +285 +63 +157 +333 +202 +357 +64 +231 +49 +285 +34 +252 +60 +116 +206 +325 +367 +232 +334 +18 +182 +219 +49 +41 +175 +66 +170 +45 +377 +156 +152 +391 +160  +3 +267
+69 +265 +35 +312 +234 +91 +205 +322 +307 +56 +10 +57 +383 +388 +23 +347 +103 +384 +59 +226 +381 +95 +309 +52  +4 +373 +394 +164 +278 +207 +336 +124 +161 +103 +333 +336 +110 +16 +192 +93 +387 +301 +303 +30 +146 +13 +152 +337 +371 +281 +18 +86 +275 +255 +341 +294 +308 +202 +245 +169
+398 +369 +297 +63 +134 +193 +20 +76 +331 +117 +240 +172 +339 +233 +158 +68 +295 +57 +206 +49 +103 +151 +343 +205 +160 +47 +219 +293 +286 +249  +8 +50 +205 +105 +331 +165 +166 +179 +207 +280 +127 +322 +335 +126 +99 +213 +227 +359 +331 +133 +143 +193 +353 +40 +176 +212 +126 +291 +251 +235
+110 +142 +298 +164 +194 +142 +241 +272 +231 +312 +352 +38 +21 +234 +78 +216 +55 +214 +199 +45 +131 +152 +346 +19 +207 +187  +0 +46 +48 +261 +370 +247 +88 +323 +191 +162 +328 +384 +39 +218 +88 +300 +82 +157 +352 +61 +217 +260 +289 +275 +157 +55 +137 +238 +195 +376 +396 +289 +102 +245
+219 +358 +390 +13 +396 +324 +18 +337 +389 +266 +338 +189 +55 +225  +2 +98 +57 +236 +68 +39 +327 +380 +352 +296 +140 +37 +392 +152 +274 +328 +55 +230 +381 +256 +269 +379 +225 +49 +10 +251 +151 +203 +108 +57 +297 +153 +28 +207  +2 +10 +255 +211 +77 +271 +201 +187 +379 +193 +179 +228
+355 +264 +340 +320 +398 +167 +286 +201  +7 +39 +99 +71 +256 +143 +251 +19 +15 +279 +268 +374  +8 +294 +25 +122 +19 +99 +267 +390 +45 +206 +333 +293 +135 +319 +18 +298 +96 +166 +297 +258 +105 +94 +145 +21 +326 +126 +23 +125 +385 +314 +39 +136 +327 +113 +330 +173 +166 +107 +16 +357
+55 +88  +6 +298 +149 +371 +337 +121 +195 +344 +198 +259 +337 +344 +206 +347 +395 +131 +112 +234 +352 +137 +350 +358 +265 +33 +199 +342 +346 +295 +353 +15 +79 +145 +353 +212 +307 +136  +7 +77 +274 +222 +107 +355 +100 +396 +286 +378 +382 +25 +383 +105 +288 +10 +148 +308 +307 +100  +0 +293
+62 +322 +81 +262 +306 +399 +102 +176 +398 +375 +352 +186 +235 +36 +381 +334 +90 +200 +27  +5 +148 +53 +73 +285 +211 +217 +83 +284 +345 +113 +342 +155 +109  +5 +150 +317 +162 +123 +168 +129 +332 +319 +287 +116 +123 +248 +43 +169 +317 +123 +247 +238 +201 +224 +328 +205 +82 +125 +288 +111
+197 +93 +230 +389 +258 +111 +332 +367 +128 +377  +5 +98 +50 +211 +204 +286 +271 +308 +391 +301  +3 +140 +383  +9 +180 +126 +286 +251 +299 +58 +151 +24 +380 +363 +218 +204 +122 +337 +367 +399 +122 +269 +320 +104 +148 +110 +61 +166 +323 +242 +53 +370 +313 +79 +39 +128  +4 +281 +67 +57
