17 17
+309 +213 +158 +102 +232 +147 +139 +286 +388 +149 +390 +13 +141 +25 +385 +299 +143
+86 +317 +97 +184 +21 +198 +251 +338 +379 +248 +168 +64 +47 +96 +98 +97 +79
+123 +44 +292 +269 +32 +395 +62 +379 +138 +237 +292 +210 +11 +344 +286 +138 +247
+253 +375 +375 +338 +140 +239 +92 +37 +149 +133  +1  +9 +273 +339 +13 +123 +95
+291 +28 +123 +78 +336 +152 +138 +183 +321 +28 +143 +90 +167 +256 +393 +185 +157
+360 +278 +146 +330 +192 +288 +265 +204 +208 +246 +218 +135 +203 +180 +177 +71 +366
+369 +256 +34 +319 +58 +254 +390 +354 +272 +365 +94 +173 +180 +297 +336 +277 +173
+263 +231 +54 +202 +65 +113 +94 +370 +223 +28 +45 +121 +125 +304 +187 +29 +321
+367 +361 +218 +103 +275 +110  +0 +388 +379 +353 +287 +296 +122 +150 +88 +91 +204
+89 +369 +303 +29 +267 +220 +273 +90 +152 +141 +269 +26 +135 +244 +137 +290 +52
+289 +235 +307 +169 +303 +345 +343 +168 +278 +156 +290 +59 +320 +206 +147 +16 +58
+99 +70 +209 +92 +253 +274 +132  +5 +277 +371 +236 +218 +123 +257 +112 +58 +134
+110 +376 +262 +364 +103 +71 +327 +244 +222 +111 +320 +146 +49 +289 +13 +74 +248
+10 +347 +53 +131 +72 +322 +332 +12 +22 +20 +38 +313 +224 +33 +356 +50 +213
+321 +216 +130 +246 +315 +394 +128 +113 +294 +115 +288 +354 +114 +200 +39 +176 +288
+22 +221 +16 +366 +150 +99 +127 +366 +75 +122 +241 +265 +201 +363 +74 +271 +360
+333 +379 +287 +112 +184 +43 +327 +82 +243 +338 +340 +353  +6 +131 +58 +52 +371
