33 33
+125 +161 +381 +161 +308 +332 +129 +396 +286 +206 +148  +7 +110 +387 +319 +280 +290 +99 +282 +166 +36 +202 +146 +181 +211 +87 +24 +289 +12 +182 +200 +152 +72
+253 +310 +270 +226 +392 +342 +334 +167 +277 +122  +0 +132 +129 +300 +16 +34 +35 +369 +320 +175 +60 +18 +160 +279 +388 +139  +3 +218 +60 +153 +17 +168 +352
+79 +223 +339 +50 +99 +306 +15 +351 +197 +237 +339 +106 +183 +158 +112 +190 +326 +306 +167 +391 +391 +269  +3 +109 +169  +7 +36 +118 +122  +5 +129 +45 +61
+257 +128 +341 +301 +173 +271 +303 +308 +372 +104 +270 +273 +209 +357 +325 +371 +60 +237 +378 +220 +34 +192 +239 +70 +210 +48 +76 +36  +5 +17 +58 +377 +299
+243 +216 +399 +208 +227 +87 +73 +158 +107 +145 +338 +185 +248 +289 +341 +194 +54 +291 +366 +145 +130 +38 +188 +122 +250 +303 +179 +202 +115 +290 +322 +223 +33
+373 +88 +211 +264 +339 +334 +142 +373 +155 +95 +214 +112 +270 +380 +235 +215 +223 +198 +199 +379 +193 +318 +39 +278 +216 +215 +142 +335 +309 +92 +110 +241 +107
+213 +43 +291 +93 +216 +162 +271 +20 +17 +314 +154 +320 +291 +64 +290 +175 +26 +364 +221 +144 +265 +231 +145 +256 +195 +209 +158 +17 +182 +365 +47 +149 +62
+92 +321 +126 +386 +252 +290 +269 +77  +7 +375 +207 +257 +340 +378 +366 +118 +197 +48 +158 +91 +347 +213 +251 +72 +394 +89 +104 +200 +252 +212 +359 +48 +64
+105 +15 +86 +191 +144 +136 +355 +168 +296 +153 +138 +196 +88 +80 +339 +212 +100 +80 +359 +58 +317 +109 +298  +4 +107 +310 +239 +86 +331 +325 +270 +307 +231
+79 +153 +71 +194 +331 +41 +198 +86 +130 +345 +208 +206 +136 +93 +26 +325 +52 +342 +239 +160 +366 +18 +122 +243 +61 +346 +32 +167 +276  +6 +146 +286 +366
+157 +298 +390 +201 +251 +242 +320 +182 +86 +268 +269 +387 +189 +35 +306 +349 +209 +307 +243 +285  +5 +391 +94 +21 +168 +256 +92 +181 +232 +16 +305 +98 +222
+376 +191 +253 +317 +160 +87 +277 +384 +11 +29 +20 +220 +57 +171 +265 +275 +111 +266 +221 +317 +239 +281 +154 +61 +369 +212 +179 +255 +226 +26 +191 +108 +382
+331 +369 +72 +373 +273 +115 +280 +156 +380 +273 +121 +390 +75 +396 +341 +210 +11 +139 +209 +240 +162 +62 +351 +337 +18  +6 +229 +305 +378 +106 +93 +236 +52
+365 +175  +7 +160 +86 +188 +185 +289 +281 +64 +231 +195 +25 +363 +319 +223 +133 +205 +45 +153 +356 +299 +362 +51 +249 +19 +160 +218 +84 +203 +90 +153 +317
+363 +296 +46 +45 +272 +254 +231 +218 +396 +175 +130 +164 +228 +144 +184 +248 +399 +394 +19 +112 +98  +6 +193 +373 +46 +82 +224 +290 +135 +193 +227 +328 +222
+20 +153 +272 +72 +77 +239 +244 +314 +247 +340 +374 +244 +228 +97 +83 +141 +124 +385 +373 +226 +76 +149 +196 +283 +110 +206 +70 +72 +180 +242 +78 +303  +5
+252 +117 +66 +160 +119 +175 +332 +392 +89 +385 +396 +175 +37 +75 +398 +343 +74 +13 +272 +264 +305 +294 +336 +359 +339 +73 +24  +0 +274 +273  +1 +16 +221
+243 +124 +366 +371 +261 +123 +251 +308 +232 +216 +345 +108 +247 +68 +125 +275 +32 +254 +360 +94 +47 +345 +388 +322 +126 +201 +244 +324 +36 +304 +162 +364 +376
+71 +330 +52 +194 +98 +266 +170 +129 +347 +392 +393 +220 +75 +103 +44 +180 +243 +66 +148 +78 +25 +114 +226 +79 +390 +15 +250 +183 +121 +259 +53 +307 +388
+243 +168 +111 +214 +211 +154 +50 +187 +361 +214 +312 +349 +239 +173 +33 +382 +337 +302 +133 +300 +382 +263 +324 +224 +65 +387 +249 +49 +92 +368 +330 +206 +50
+110 +233 +390 +123 +289 +301 +54 +319 +182 +345 +161 +160 +275 +253 +45 +69 +75 +117 +197 +96 +237 +216 +220 +355 +274 +353 +230 +137 +101 +261 +160 +169 +390
+209 +43 +84 +353 +86 +97  +5 +131 +107 +322 +226 +204 +32 +126 +190 +193 +379 +140 +125 +264 +307 +356 +308 +198 +19 +342 +121  +3 +247 +130 +189 +326 +17
+353 +81 +49 +158 +341 +33 +387 +180 +24 +298 +231 +294 +309 +282 +93 +283 +48 +168 +337 +367 +315 +150 +208 +66 +301 +231 +254 +300 +341  +0 +389 +202 +202
+396 +184 +292 +144 +331 +34 +365 +238 +206 +254 +195 +276 +164 +44 +121 +27 +177 +202 +151 +52 +285 +207 +363 +374  +5 +346 +213 +11 +155 +104 +113 +275 +365
+345 +149 +364 +103  +6 +226 +95 +196 +94 +64 +61 +267 +323 +252 +50 +104 +47 +59  +2 +356 +29 +74 +57 +238 +117 +75 +327 +376 +360  +5 +284 +346 +387
+364 +27 +261 +256 +396 +108 +194 +392 +243 +203 +349 +246 +19 +339  +4 +29 +80 +55 +270 +46 +364 +57 +162 +184 +10 +133 +266 +351 +124 +94 +368 +133 +77
+209 +113 +225 +197 +205 +58 +248 +195 +10 +301 +393 +246 +74 +296 +135 +383 +236 +231 +121 +270 +311 +177 +313 +342 +308 +219 +164 +336 +215 +65 +374  +5 +191
+263 +56 +88 +17 +177 +228 +140 +144 +253 +115 +164 +289 +100 +155 +391 +145 +365 +135 +329 +193 +38 +138 +49 +329 +342 +44  +9 +193 +31 +393 +183 +285 +223
+264 +79 +57 +117 +348 +296 +92 +180 +226 +21 +207 +130 +218 +131 +143 +209 +131 +148 +29 +67 +133 +358 +27 +144 +310 +346  +5  +9 +345 +125 +301 +316 +63
+133  +4 +99 +268 +358  +0 +334 +58 +128 +43 +84 +349 +181 +164 +159 +49 +287 +10 +383 +107 +129 +317 +213 +76 +148 +335 +123 +207 +370 +242 +356 +352 +122
+267 +98 +139 +287 +10 +48 +336 +230 +222 +375 +215 +329 +71 +113 +63 +266 +307 +27 +234 +362 +203 +357 +101 +169 +357 +112 +84 +345 +397 +311 +321 +278 +361
+29 +302 +174 +232 +11 +267 +165 +60 +329 +53 +310 +140 +212 +185 +45 +252 +261 +212 +13 +280 +56 +344 +81 +192 +386 +338 +116 +356 +107 +221 +246 +105 +293
+192 +336 +151 +321 +270 +23 +322 +319  +3 +202 +194 +153 +128 +239 +208 +388 +239 +291 +205 +166 +199 +208 +379 +143 +304 +45 +314 +161 +196 +20 +151  +6 +305
