25 25
+142 +381 +255 +38 +77 +192 +23 +359 +373 +118 +146 +396 +49 +94 +252 +267 +254 +346 +393 +128 +304 +62 +17 +225 +330
+393 +378 +224 +280 +249 +243 +12 +80 +23 +59 +135 +88 +377 +195 +264 +125 +236 +393 +170 +300 +287 +336 +12 +100 +360
+236 +118 +329 +365 +162 +386 +392 +28 +216 +347 +161 +203 +224 +241 +34 +253 +225 +199 +287 +118 +247 +143 +175 +19 +274
+158 +87 +45 +135 +309 +146 +351 +145 +117 +287 +320 +153 +294 +26 +336 +377 +187 +58 +94 +104 +61 +295 +250 +183 +366
+270 +227 +214 +264 +368 +44 +181 +106 +346 +212 +62 +152 +346 +38 +391 +368 +218 +87 +352 +258 +277 +289 +318 +28 +167
+137 +364 +125 +19 +43 +286 +12 +262 +14 +132 +44 +337  +9 +273 +254 +355 +390 +391 +183 +173 +293 +13 +226 +362 +132
+267 +170 +161 +227 +22 +131 +162 +196 +351  +2 +148 +238 +97 +202 +33 +329 +389 +133 +151 +350 +133 +86 +86 +191 +157
+241 +28 +386 +139 +112 +319 +208 +159 +37 +272 +79 +128 +162 +100 +311 +33 +53 +85 +291 +48 +310 +387 +192 +67 +377
+96 +34 +323 +23 +169 +192 +99 +28 +115 +399 +118 +153 +265 +85 +330 +266 +320 +324 +394 +389 +246 +248 +290 +198 +23
+95 +195 +300 +364 +51 +149 +23 +269 +290 +390 +30 +163 +99 +220 +386 +180 +373 +328 +131 +336 +153 +50 +145 +168 +82
+364 +27 +214 +342 +95 +57 +105 +87 +390 +46 +105 +394 +346 +121 +242 +309 +315 +21 +346 +64 +170 +222 +48 +389 +81
+143 +285 +288 +67 +303 +318 +295 +293 +384 +347 +175 +156 +330 +154 +255 +131 +156 +197 +304 +237 +29 +368 +349 +104 +117
+212 +228 +54 +255 +338 +283 +197 +204 +362 +205 +233 +240 +159 +311 +240 +204 +162 +130 +65 +168 +83 +179 +255 +220 +391
+179 +331 +25 +86 +60 +380 +304 +394 +127 +242 +158 +365 +142 +297 +237 +205 +339 +209 +91 +287 +147  +2 +142 +127 +195
+15 +33 +216  +3 +192 +188 +176 +30 +338 +251 +131 +227 +65 +125 +253 +68 +387 +377 +83 +99 +289 +286 +203 +302 +213
+54 +181 +44 +259 +326 +328 +137 +158 +216 +137 +287 +391 +277 +147 +223 +55 +263 +145 +356 +126 +46 +304 +267 +396 +279
+331 +328 +111 +132 +56 +219 +304 +90 +168 +155 +227 +41 +223 +382 +205 +77 +21 +15 +372 +394 +38 +65 +217 +86 +41
+354 +61 +105 +220 +392 +33 +88 +226 +368 +184 +258 +168 +165 +71 +246 +213 +79 +350 +58 +104 +239 +269 +60 +37 +275
+360 +269 +211 +196 +250 +175 +106 +51 +390 +340 +80 +148 +162 +185 +163 +311 +99 +288 +196 +78 +109 +68 +109 +187 +213
+59 +199 +313 +152 +233 +350 +322 +394 +106 +136 +380 +335 +245 +348 +132 +13 +128 +215 +178 +29 +250 +256 +298 +123 +304
+229 +35 +385 +292 +62 +267 +194 +237 +216 +327 +326 +28 +174 +369 +308 +196 +335 +103 +332 +330 +65 +274 +396 +264 +304
+68 +359 +40 +312 +102 +354 +143 +287 +302 +86 +232 +238 +387 +219 +218 +346 +260 +279 +172 +355 +101 +380 +383 +150 +264
+195 +115 +388 +181 +322 +360 +184 +336 +292 +194  +6 +319 +139 +226 +371  +1 +207 +51 +227 +312 +227 +12 +301 +229 +228
+338 +291 +147 +365 +147 +299 +138 +118 +130 +371 +395 +218 +36 +131 +35 +193 +384 +244 +328 +119 +369 +354 +209 +146 +58
+252 +299 +334  +6  +2 +262 +339 +88 +334 +91 +243 +129 +367 +290 +147 +64 +76 +348 +128 +244 +183 +309 +243 +189 +165
