1234388 1272592 1394540 1208479 1286252 1264609 1131505 1363708 1238231 1164688 1270765 1198682 1296440 1117200 1315668 1425981 1247690 1331717 1375457 1111370 1327868 1429078 1496257 1277667 1006366 1363320 1181516 1352095 1267880 1220561 1060242
1184404 1113078 1329939 1134306 1243273 1203779 1321422 1398815 1404603 1041996 1192888 1086853 1185152 1188618 1380440 1259126 1322778 1376629 1501391 1139205 1308133 1417352 1544562 1305013 1093228 1246436 1408781 1400951 1108359 1230343 1017681
1113872 956924 1236733 1002478 1080771 1152069 1062047 1055706 1315158 986727 1045721 1064781 905647 1076616 1090310 944989 1258356 1122311 1317048 1163018 1102896 1197561 1147866 1248003 1023765 1103756 1181221 1040015 1011614 1086563 900296
1229538 1119478 1460940 1199534 1187581 1343396 1287414 1397948 1458020 1197306 1273205 1243332 1344210 1424108 1374526 1232898 1463823 1421882 1649275 1417705 1395754 1512110 1447216 1572274 1216761 1334243 1499320 1494674 1300177 1290460 1078023
1059456 1157262 1198589 1090684 1046436 1126667 1016422 1062398 1204479 1211842 1053072 1101808 963053 1102609 1115991 1071541 1233999 1115955 1271513 984695 1215946 1230134 1485115 1228846 864616 1138840 1014883 1179150 1161303 1211708 899526
1334771 1136449 1419374 1245830 1237345 1338108 1267293 1311628 1459964 1289046 1215734 1029381 1110362 1293510 1301908 1174387 1406763 1313797 1491179 1376223 1449043 1368425 1538694 1388122 1115095 1246826 1277804 1338597 1090804 1260653 1027028
1209278 1140760 1254174 1096660 1212029 1197331 1325391 1122437 1213144 1108671 1102470 1162106 993161 1090834 1361118 1235354 1218768 1012360 1217375 1024941 1296112 1245668 1252521 1261497 1163624 1244550 1280052 1231511 1061774 1015455 966833
1346334 1194842 1423544 1243582 1436428 1357227 1181597 1303835 1387253 1198401 1293270 1275112 1147581 1212206 1359308 1341266 1290446 1458463 1514547 1229294 1431122 1442088 1571208 1461716 1221824 1374919 1333058 1300532 1226608 1328849 1138639
1089177 1018249 1183114 1089742 1073263 1132497 1018318 1077063 1150042 1033658 1089695 1114083 911306 941595 1053803 1101715 1184816 1132247 1220726 1060540 1185773 1255424 1279365 1198221 1004578 1068027 1095447 1156075 1004336 1088674 838650
1318022 1100389 1333900 1262866 1197010 1316852 1256412 1299634 1265742 1318662 1137291 1205478 1022241 1259955 1341885 1262336 1228802 1305034 1414575 1201896 1520447 1399967 1549223 1405167 1232530 1324234 1261557 1396240 1180533 1348290 1018701
1184601 1179283 1428934 1184628 1224773 1299157 1119539 1113970 1299487 1186470 1195938 1059550 1020895 1218267 1273681 1175963 1366839 1331858 1431690 1221366 1395590 1440117 1447480 1352614 1130595 1241743 1299664 1340275 1209697 1315129 898518
1206850 1100527 1206779 1112114 1067520 1148419 1070359 1180660 1159497 1046307 1089631 1247046 1108542 1004135 1248931 1179906 1108373 1214848 1335274 942274 1149025 1344722 1291773 1108628 1067029 1225749 1255546 1374443 1128029 1165525 847524
1448301 1403293 1543581 1376888 1617067 1476731 1291985 1297409 1600454 1386252 1410618 1382259 1342369 1399510 1505066 1390490 1462847 1575076 1666655 1406614 1584667 1679633 1654689 1669748 1311204 1617086 1465007 1574218 1472916 1446408 1242475
1080700 1145660 1340142 1026528 1295206 1187807 1278448 1153555 1240858 1188295 1198471 1271325 990739 1250912 1437105 1168609 1451567 1064812 1314408 1101612 1312504 1220442 1350415 1358686 1096676 1222268 1312711 1140936 1137055 1142588 997403
1099351 1092081 1200012 985083 929798 1095917 1175965 1096504 1090112 1073692 1041429 921651 941105 1054522 1122542 1203658 1075997 1134759 1248469 1011298 1229846 1187144 1354746 1144033 906029 1061152 1051019 1248276 1075707 1110919 823962
1115850 1159237 1137107 1153119 1091741 1115925 1268167 1153908 1210204 1195253 1148106 1195843 1105917 1135699 1234498 1213228 1319918 1120758 1297913 1012311 1357656 1433889 1422724 1325044 1096507 1317436 1207537 1323895 1075136 1224172 913626
1115022 1205277 1387891 1252063 1230001 1316105 1145179 1260657 1162942 1173579 1112143 1072103 1088889 1110726 1386390 1252474 1452530 1426792 1481017 1284348 1318543 1421629 1327615 1404818 1179409 1369818 1439740 1465406 1161141 1259183 1007487
1485656 1460277 1701845 1417121 1633967 1643845 1421357 1491323 1680062 1361381 1516240 1524321 1390166 1380478 1629360 1507567 1688477 1615201 1761780 1489145 1718391 1682882 1827396 1659805 1368710 1582089 1608246 1625211 1509982 1362128 1259131
1344671 1329480 1286888 1196640 1401919 1380470 1293201 1213413 1428956 1107507 1310104 1275584 1200746 1277219 1225325 1215457 1431811 1360825 1441013 1232450 1315746 1482273 1410163 1498559 1092954 1362212 1353643 1444290 1335146 1190471 994097
1338382 1229815 1474924 1286224 1350468 1385950 1283543 1238267 1438604 1216312 1358471 1041088 1308364 1265347 1468705 1240745 1503297 1387648 1418958 1332065 1397823 1527473 1399510 1277682 1031613 1255539 1529347 1448116 1123193 1406099 1006327
1264993 1228128 1496408 1205734 1402102 1385827 1044524 1130123 1370988 1320011 1181715 1084843 1185630 1223833 1313206 1271330 1284532 1253716 1396984 1284691 1289429 1340892 1311067 1304467 1099906 1301047 1325351 1306675 1272318 1222659 1069965
1360879 1276695 1490044 1219613 1514914 1517448 1433598 1495101 1518786 1150595 1426846 1314258 1289059 1392003 1443337 1475166 1667070 1434837 1684368 1409070 1550245 1617607 1674736 1584811 1441933 1510359 1470211 1424619 1353591 1281097 1296408
1269965 1197029 1302889 1093429 1178223 1156111 1216007 1209712 1257884 1010147 1240213 1092654 1062897 1068769 1172127 1175006 1176125 1205035 1267751 1174329 1260360 1343385 1317813 1215729 1031207 1284925 1201323 1268131 1103981 1052590 1021454
1568879 1408812 1649869 1300432 1489495 1623325 1529666 1522474 1729972 1330644 1497606 1422572 1336946 1535733 1510173 1474511 1745084 1493142 1815884 1533100 1612779 1722956 1652999 1652366 1505409 1574010 1698111 1615473 1367728 1411670 1277924
1305351 1340624 1467946 1325151 1572094 1395619 1175467 1206427 1444667 1342548 1381137 1189550 1195967 1315902 1451362 1326671 1441145 1394435 1482151 1297008 1600572 1495219 1630928 1492465 1155147 1415786 1434184 1454241 1293419 1298599 1181365
1244801 1280097 1367363 1388043 1308586 1348724 1258694 1273579 1314770 1290412 1247178 1192288 1302364 1146996 1455100 1333869 1390069 1440017 1464514 1168883 1450943 1418146 1655485 1267230 1031775 1293790 1352550 1516857 1236982 1345316 905118
1233120 1278626 1321839 1202403 1184315 1347069 1300110 1331838 1340256 1059211 1142636 1014289 971309 1117529 1330955 1273787 1341805 1282840 1465966 1275536 1293133 1248481 1430777 1403774 1074823 1298147 1195574 1436015 1141500 1221336 1043868
1124734 1101947 1313431 1190083 1123262 1279408 1255209 1424878 1366107 1154356 1102222 1088017 1186187 1169489 1377890 1238484 1438975 1255764 1529914 1141650 1283009 1356469 1512742 1253697 1003625 1206965 1374835 1454370 1114059 1279898 980276
1464139 1511100 1657474 1495497 1516851 1552195 1461385 1437190 1595389 1530707 1441795 1464549 1374176 1462409 1667547 1575679 1609332 1610627 1824007 1422575 1579145 1705027 1824534 1725558 1429979 1677121 1501977 1626930 1527373 1670811 1235736
1436047 1219667 1503073 1226998 1321679 1384021 1185501 1325051 1450890 1378781 1318610 1362569 1200941 1328347 1339652 1389763 1298128 1365008 1519719 1218228 1551793 1449748 1631514 1340122 1217759 1332304 1414844 1304829 1266193 1437619 1068285
1337838 1249968 1475005 1355807 1484095 1376529 1322368 1396952 1519838 1345383 1279024 1383322 1112880 1359359 1395721 1107423 1532273 1419925 1619779 1341649 1421243 1434513 1667685 1493779 1214522 1433424 1392812 1406806 1317318 1277530 1166689
