586011 343814 553567 355222 420041 462492 504813 464668 344409 403201 490885 455210 549534 317406
672708 413462 721005 371696 458330 574771 708397 586007 401738 416550 528988 411001 668176 498147
523928 202882 421201 313322 260009 532502 444258 343843 348766 315876 346508 386150 554099 396020
942798 615852 836703 628101 686774 899566 878255 811013 668716 644623 817690 792487 1035240 646262
544667 395386 560941 266818 501030 465331 465835 527857 339216 432480 440881 426541 532273 387966
654795 414261 604152 439362 433521 606397 659926 489821 454396 415767 546300 468246 732568 440232
801285 415357 701983 390562 451974 702794 616500 598836 471179 488675 496757 572137 726939 573259
731476 482980 616628 429904 473242 707778 678345 515878 552766 431118 566123 509120 792668 530465
623238 408630 536578 399188 476286 610378 594593 507586 410387 370304 572109 463753 699476 384926
691173 389001 769387 356105 409547 563845 643985 547269 405575 519893 460747 390695 654546 549476
738032 503843 635651 314540 511312 645825 602834 537353 518599 403274 608503 555922 639772 503325
597549 353782 495571 317786 418375 581936 534818 482334 489132 273859 442268 476081 665230 411269
782217 488815 760072 471972 492650 725605 712199 642824 505131 555354 703603 538767 788717 530294
796809 468637 635504 329171 530146 719337 552394 503157 527025 460547 662820 515623 662682 546681
