44 44
+56 +104 +28 +331 +56 +355 +130 +39 +295 +21 +45 +223 +121 +248 +49 +169 +126 +395 +322 +107 +21 +154 +375 +346 +32 +78 +273 +372 +138 +205 +307 +287 +191 +397 +117 +141 +193 +331 +77 +291 +123 +159 +224 +264
+155 +275 +112 +350 +64 +393 +179 +208 +212 +99 +354 +86 +250 +362 +32 +294 +239 +24 +392 +239 +210 +104 +17 +304 +29 +323 +49 +349 +221 +22 +229 +28 +132 +53 +20 +246 +87 +123 +143  +1 +395 +336 +111 +78
+139 +337 +268 +277 +243 +92 +173 +38 +189 +93 +82 +296 +253 +234 +35 +22 +56 +21 +243 +39 +355 +364 +87  +2 +18 +226 +72  +5 +32 +35 +364 +391 +319 +347 +315 +24 +358 +372 +148 +290  +2 +353 +180 +101
+255 +248 +39 +106 +207 +138 +155 +322  +6 +362 +252 +283 +182 +74  +9 +58 +220 +333 +192 +234 +109 +186 +374 +104 +91 +91 +138 +302 +260 +279 +17 +154 +224 +81 +376 +385 +238 +112 +96 +90 +35 +54 +18 +38
+120 +327 +270 +66 +308 +139 +374 +372 +242 +75 +207 +162 +342 +386 +356 +208 +398 +372 +138 +298 +100 +270 +119 +206 +164 +336 +89 +326 +32 +150 +46 +19 +171 +300 +60 +164 +192 +107 +128 +308 +382 +58 +344 +337
+161 +144 +252 +173 +168 +154 +24 +94 +141 +39 +155 +37 +271 +289 +98 +393 +376 +396 +164 +225 +139 +222 +178 +256 +161 +375 +294 +397 +253 +371 +375 +331 +229 +110 +172 +191 +295 +137 +296 +109 +373 +98 +129 +334
+399 +136  +1 +25 +14 +201 +235 +139 +141 +61 +127 +272 +151 +209 +230 +23 +186 +210 +61 +186 +362 +384 +387 +118 +214 +76 +222 +161 +128 +309 +59 +370 +14 +283 +12 +270 +220 +394 +233 +72 +230 +250 +79 +105
+23 +189 +283 +207 +393 +32 +196 +25 +149 +333 +217 +67  +1 +45 +148 +135 +226 +167 +75 +239 +375 +13 +87 +293 +97 +328 +88 +38 +186 +339 +24 +331 +399 +29 +166 +377 +191 +245 +228 +297 +174 +305  +1 +180
+175 +321 +225 +248 +29 +242 +357 +346 +275 +69 +11 +245 +390 +333 +191 +181 +127 +119 +325 +222 +85 +129 +294 +146 +277 +94 +286 +381 +301 +53 +216 +58 +240 +175 +260 +46 +102 +123 +213 +18 +243 +139 +100 +291
+306 +47 +254 +253 +165  +6 +337 +250 +305 +389 +29 +300 +347 +132 +56 +190 +158 +216 +279 +317 +158 +349 +314 +310 +154 +111 +386 +279 +297 +175 +174 +132 +262 +87 +296 +69 +103 +77 +255 +374 +126 +210 +385 +359
+122 +247 +63 +166 +371 +222 +51 +309 +131 +281 +349 +392 +292 +354 +19 +303 +119 +177 +102 +21 +162 +396 +16 +131 +199 +195 +240 +104 +128 +157 +237 +156 +32 +324 +145 +51 +318 +216 +285 +101 +244 +336 +212 +111
+19 +193 +267 +183 +388 +202 +77 +68 +181 +255 +170 +290 +186 +338 +178 +94 +267 +260 +344 +281 +235 +50 +391 +225 +321 +282 +209 +30 +284 +79 +332 +278  +8 +57 +348 +104 +368 +230 +106 +215 +97 +178 +33 +283
+78 +214 +14 +90 +295 +187 +380 +239 +297 +215  +6 +147 +242 +216 +294 +370 +42 +341 +119 +399 +71 +175 +236 +255 +141 +240 +160 +207 +313 +65 +113 +200 +380 +277 +188 +285 +77 +396 +213 +383 +274 +318 +297 +353
+346 +88 +262 +291 +281 +175 +54 +324 +168 +184 +106 +213 +223 +155 +354 +295 +21 +57 +320 +298 +287 +308 +141 +206 +289 +77 +271 +316 +244 +53 +122 +167 +120 +301 +93 +191 +135 +75 +78 +360 +232 +335 +152 +200
+185 +97 +85 +379 +232 +137 +128  +9 +23 +271 +308 +245 +296 +391 +383 +27 +390 +206 +49 +226 +266 +135 +125 +147 +368 +347 +315 +383 +198 +241 +139 +355 +160 +44 +344 +14 +324 +292 +367 +152 +144 +208  +1 +269
+274 +39 +40 +48 +328 +200 +286 +383 +309 +253 +130 +262 +233 +323 +277 +300 +342 +386 +306 +79 +81 +208 +53 +115 +212 +395 +307 +167 +204 +140 +265 +270 +374 +145 +229 +193 +130 +108 +276 +161 +357 +67 +381 +151
+352 +393 +216 +268 +48 +378 +147 +297 +302 +162 +375 +272 +280 +194 +150 +204 +392 +306 +315 +160 +385 +304 +121 +336 +190 +14 +26 +73 +379 +50 +331 +381 +122 +146 +217 +321 +295 +108 +320 +268 +396 +320 +215 +146
+158 +186 +278  +8 +344 +358 +158 +297 +164 +309 +84 +293 +192 +389 +231  +4 +16 +53 +316 +317 +42 +70 +365 +81 +108 +208 +336 +314 +143 +179 +210 +255 +285 +70 +80 +210 +49 +384 +300  +4 +154 +127 +278  +3
+204 +314 +330 +221 +107 +244 +333 +379 +71 +136 +36 +88 +263 +110 +255 +158 +200 +153 +353 +240 +234 +98 +387 +39 +81 +129 +246  +9 +353 +48  +1 +169 +10 +78 +270 +47 +315 +65 +379 +28 +397 +294 +247 +208
 +7 +142 +283 +363  +4 +20 +28 +143 +304 +214 +394 +107 +19 +315 +69 +182 +299 +287 +330  +7 +107 +24 +205 +44 +20 +387 +289 +169 +292 +229 +77 +60 +37 +379 +78 +388 +213 +114 +206 +167 +346 +289 +41 +390
+69 +52 +167 +68 +359 +205 +197 +35 +285 +397 +293 +279 +123 +253 +95 +21 +270 +315 +352 +96 +238 +352 +337 +15 +214 +357 +308 +342 +81 +379 +310 +303 +243 +82 +105 +69 +299 +47 +168 +333 +67 +79 +167 +112
+121 +193 +207 +334 +208 +277 +83 +26 +79 +197 +290 +347 +77 +198 +369 +52 +51 +248 +62 +338 +61 +376 +107 +98 +275 +398 +326 +103 +28 +282 +229 +56 +206 +51 +189 +72 +388 +12 +121 +52 +37 +181 +100 +398
+169 +334 +120 +331 +42 +120 +102 +155 +330 +207 +294 +191 +82 +68 +118 +356 +123 +272 +256 +260 +335 +339 +263 +127 +62 +285 +339 +41 +253 +195 +178 +228 +250  +3 +256 +175 +60 +283 +137 +190 +187 +222 +236 +363
+190 +162 +161 +126  +2 +229 +164 +394  +7 +23 +35 +334 +282 +136  +2 +360 +314 +42 +329 +102 +380 +357 +304 +207 +290 +285 +212 +362 +155 +380 +205 +242 +52 +86 +280 +99 +38 +296 +135 +142 +254 +215 +11 +176
+147 +247 +38 +179 +14 +192 +393 +95 +271 +254 +218 +382 +117 +162 +69 +85 +113 +132 +284 +140 +314 +331 +349 +240 +206 +40 +131 +186 +70 +80 +131 +217 +371 +48 +150 +133  +8 +358 +108 +215 +170 +99 +14 +125
+229 +383 +99  +3 +322 +124 +16 +13 +211 +248 +205 +345 +204 +195 +42 +171 +348 +385 +139 +214 +96 +312 +94 +133 +72 +202 +136 +364 +270  +5 +161 +207 +131 +52 +66 +131 +331 +128 +122 +344 +18 +166 +115 +274
+195 +231 +322 +256 +278 +25 +179 +364 +148 +356 +208 +250 +145 +259 +231  +0  +2 +98 +136 +12 +138 +388 +270 +36  +6 +143 +390 +39 +113 +18 +337 +105 +398 +135 +18 +45 +12 +323 +193 +219 +176 +341 +32 +222
+365 +84 +59 +77 +210 +167 +199 +387 +336 +12 +248 +381 +189 +177 +41 +89 +123 +279 +130 +212 +254 +381 +42 +342 +191 +280 +78 +123 +387  +8 +272 +365 +158 +259 +32 +99 +350 +382 +379 +84 +72 +366 +281 +334
 +8 +261 +51  +9 +93 +307 +258 +251 +148 +130 +159 +221 +218 +193 +25 +190 +305 +81 +240 +199 +275 +241 +53 +261 +28 +373 +81  +6 +321 +186 +374 +204 +109 +92 +381 +270 +300 +334 +247 +253 +397 +93 +99 +347
+308 +288 +355 +368 +358 +237 +214 +41 +219 +215 +271 +67 +364 +239 +62 +178 +23 +33 +58 +142 +158 +280 +67 +338 +381 +383 +10 +224 +119 +14 +127 +136 +185 +57  +3 +274 +63 +202 +11 +376 +89 +293 +164 +218
+203 +110 +393 +78 +262  +4 +374 +294 +283 +255 +323 +280 +145 +215 +135 +280 +313 +379 +115 +197 +52 +133 +112 +337 +261 +359 +214 +219 +85 +277 +167 +360 +59 +96 +158  +1 +161 +235 +340 +208 +297 +62 +17 +297
+342 +358 +77 +184 +378 +305 +309 +141 +180 +168 +269 +359 +137 +26 +278 +182 +215 +160 +146 +128 +392 +359 +40 +209 +139 +153 +287 +272 +159 +351 +182 +149 +176 +353 +251 +255 +246 +113 +61 +354 +22 +46 +48 +109
+276 +266 +58 +181 +329 +359 +281  +1 +83 +334 +124 +207 +278 +372 +99 +98 +314 +217 +40 +314 +273 +210 +60 +73 +375 +208 +291 +157 +38 +280 +173 +27 +370 +222 +302 +100 +92 +286 +170 +309 +13 +105 +257 +334
 +0 +17 +271 +390 +303 +327 +187 +233 +289 +111 +304 +20 +356 +175 +254 +368 +255 +368 +225 +33 +191 +33 +395 +109 +360 +90 +325 +399 +49 +288 +236 +82 +113 +240 +360 +363 +265 +256 +331 +52 +382 +170 +41 +96
+128 +37 +333 +143 +183 +183 +24 +100 +163 +23 +300 +390 +70 +56 +342 +134 +339 +155 +134 +255 +205 +350 +70 +52 +42 +196 +204 +141 +130 +105 +241 +184 +243 +194  +0 +56 +282 +134 +315  +0 +241 +320 +353 +114
+90 +276 +307 +156 +324 +335 +234 +350 +96 +34 +291 +33 +89 +210 +155  +3 +300 +256 +223 +328 +391 +58 +68 +365 +51 +298 +202 +57 +340 +96 +14 +64 +282 +313 +110 +287 +205 +189 +24 +94 +380 +203 +371 +75
+264  +4 +164 +58 +13 +319 +255 +390 +342 +75 +293 +66 +355 +83 +164 +218 +57 +343 +239 +352 +240 +23 +316 +231 +260 +234 +245 +42 +274 +220 +376 +226 +253 +307 +259 +215 +381 +188  +1 +35 +331 +147 +229 +140
+350 +12 +164 +330 +250 +310 +178 +46 +135 +241 +127 +15 +75 +209 +361 +264 +209 +227 +114 +205 +171 +119 +103 +361 +75 +109 +320 +343 +138 +93 +249 +48 +307 +162 +265 +72 +131 +359 +216 +214 +12 +42 +354 +67
+66 +170 +335 +66 +216 +303 +188 +234 +18 +89 +195 +212 +98 +347 +325 +52 +266 +110 +148 +371 +337 +232  +7 +49 +347 +332 +78 +347 +183 +388 +45 +204 +105 +376 +191 +34 +335 +200 +271 +105 +249 +376 +147 +263
+131 +54 +339 +353 +45 +65 +279 +320 +93 +11  +2 +57 +94 +115 +139 +46 +38 +299 +12 +394 +285 +21 +77 +139 +395 +52 +162 +201 +129 +135 +198  +7 +20 +245 +20 +296 +258 +279 +365 +52 +80 +265 +275 +15
+350 +253 +51 +230 +384 +44 +309 +310 +317 +95 +234 +102 +208 +275 +177 +307 +178 +46 +87 +130 +107 +184 +191 +321 +322 +302 +93 +180 +270 +154 +304 +310 +211 +242 +49 +64 +210 +294 +395 +389 +138 +93 +340 +308
+179 +147 +43 +269 +200 +79 +208 +218 +203  +6 +259 +279 +146 +207 +304 +84 +265 +20 +85 +290 +305 +72 +234 +371 +350 +189 +381  +8 +354 +389 +336 +159 +145 +123 +326 +391 +65 +253 +112 +95 +340 +399 +396 +132
+259 +399 +180 +97 +234 +40  +0 +162 +209 +186 +240 +61 +257 +369 +143 +243 +379 +236 +245 +57 +290 +168 +211 +16 +366 +163 +33 +119 +208 +183 +26 +394 +87 +67 +134 +206 +241 +346  +9 +209 +399 +207 +93 +270
+272 +213 +49 +148 +252 +139 +325 +158 +141 +324 +298 +339 +157 +263 +345 +50 +337 +63 +16 +260 +171 +172 +50 +119 +177 +217 +256 +348 +384 +143 +288 +397 +361 +216 +119 +242 +176 +303 +143 +75 +43 +275 +115 +130
