22 22
+167 +273 +30 +223 +49 +218 +186 +390 +214  +5 +243 +346 +333 +300 +349 +395 +304 +94 +294 +365 +179 +165
+340 +364 +134 +311 +181 +225 +344 +184 +71 +103 +319 +103 +384 +356 +324 +123 +193 +139 +251 +180 +183 +84
+168 +356 +227 +84 +125 +94 +316 +261 +110 +21 +251 +354 +94 +139 +266 +223 +34 +185 +117 +283 +248 +254
+273 +31 +165  +0 +186 +298 +244 +323 +349 +358 +270 +339 +64 +41 +113 +15 +117 +324 +154 +246 +57 +66
+268 +151 +38 +13 +282 +95 +65  +2 +18 +64 +14 +205 +363 +340 +221 +389 +188 +163 +253  +3 +294 +308
+395 +342 +303 +348 +215 +193 +143 +341 +319 +145 +317 +115 +165 +345 +134 +319 +338 +368  +3 +131 +133 +35
+371 +392 +141 +39 +374 +212 +106 +24 +144 +104 +229 +50 +88 +97 +50 +219 +250 +360 +235 +173 +100 +244
+190 +160 +170 +271 +162 +258 +170 +67 +187 +189 +104 +203 +226 +277 +197 +36 +281 +350 +125 +220 +241 +91
+196 +60 +195 +317 +244 +153 +280 +125 +268 +195 +128 +147 +337 +291 +238  +3 +318 +273 +107 +310 +100 +337
+102 +358 +175 +352 +217 +26 +30 +372 +157 +341 +146 +297 +104 +265 +150 +331 +50 +216 +12  +0 +353 +12
+91 +64 +168 +105 +47 +89 +38 +45 +107 +183 +195 +72 +346 +13 +199 +201 +40 +183 +113 +377 +384 +47
+30 +114 +221  +0 +372 +45 +292 +132 +285 +179 +342 +395 +124 +28 +82 +369 +363 +168 +240 +96 +317 +19
+184 +362 +246 +313 +285 +272 +285 +228 +201 +36 +193 +221 +285 +130 +188 +353 +213 +244 +397 +386 +291 +83
+185 +76 +294 +152 +352 +83  +5 +236 +311 +138 +87 +178 +104 +296 +148 +304 +34 +260 +60 +160 +77 +371
+376 +271 +116 +196 +196 +336 +163 +294 +230 +30 +399 +160 +350 +31 +47 +204  +1 +161 +331 +342 +209 +374
+116 +293 +212 +197 +331 +318 +200 +335 +229 +232 +292 +19 +267 +317 +190 +387 +158 +247 +320 +195 +195 +220
+229 +239 +398  +6 +351 +290 +205 +262 +216 +13 +260 +112 +222 +301 +185 +290 +283 +88 +286 +104 +235 +196
+180 +127 +159 +385 +335 +227 +132 +364 +314 +95 +343 +35 +295 +277 +180 +36 +173 +88 +136 +218 +286 +175
+29 +202 +34 +397 +369 +144 +204 +124 +64 +118 +164 +369 +120 +78 +356 +308 +39 +287 +146 +385 +346 +373
+293 +228 +78 +357 +233 +89 +202 +327 +302 +128 +367 +354 +80 +56 +155 +247 +231 +67 +367 +100 +251 +85
+302 +149 +284 +202 +246 +276 +124 +49 +275 +365 +77 +154 +357 +238 +169 +69 +161 +358 +267 +279 +373 +318
+12 +144 +178 +347 +86 +206 +294 +213 +89 +268 +322 +320 +248 +94 +51 +235 +40 +43 +245 +329 +154 +47
