19 19
+329 +222 +43 +128 +23 +164 +174 +26 +368 +336 +112 +167 +303 +192 +68 +325 +330 +79 +197
+324 +234 +309 +334 +80 +346 +316 +155 +59 +77 +291 +150 +226 +262 +14 +398 +364 +301 +326
+21 +104 +396 +30 +327 +384 +186 +104 +22 +346 +377 +237 +168 +245 +291 +42 +385 +250 +242
+10 +317 +209 +379 +73 +83 +192 +227 +180 +263 +211 +212 +189 +151 +219 +268 +174 +243 +357
+145 +206  +4 +188 +389 +159 +250 +100 +321 +369 +310 +198 +218 +68 +279 +214 +265 +332 +76
+333 +381 +40 +271 +39 +46 +237 +340 +120 +46 +30 +92 +81 +244 +351  +0 +61 +295 +106
+21 +52 +288 +118 +286 +169 +286 +391 +108 +64 +214 +70 +33 +256 +56 +251 +333 +278 +301
+152 +235 +92  +2 +268 +304 +263 +354 +87 +143 +393 +246 +391 +130  +9 +60 +368 +379 +377
+233 +123 +285 +11 +84 +80 +52 +104 +196 +190 +262 +181 +15 +130 +300 +312 +240 +227 +366
+206 +217 +263 +310 +121 +167 +305 +185 +332 +148 +167 +76 +275 +313 +386 +384 +239 +379 +289
+262 +51 +213 +134 +32 +32 +386 +313 +351 +307 +309 +334 +385 +178 +317 +253 +143 +212 +302
+321 +182 +142 +352 +221 +161 +336 +319 +381 +305 +63 +60 +396 +394 +386 +23 +119 +76 +79
+253 +52 +277 +217 +271 +119 +102 +207 +81 +124 +331 +365 +72 +198 +233 +376 +20 +381 +319
+250 +74 +143 +135 +67 +386 +274 +393 +134 +385 +239 +379 +188 +269 +185 +13 +64 +34 +18
+349 +72 +20 +164 +293 +348 +275 +351 +182 +167 +25 +39 +25 +114 +357 +253 +365 +168 +247
+394 +393 +58 +124 +92 +362 +244 +291 +300 +152 +171 +303 +221 +63 +167 +256 +304 +264 +277
+299 +30 +149 +47 +357 +99  +4 +21 +341 +230 +119 +24 +129 +129 +34  +1 +218 +24 +201
+381 +78 +338 +205 +123 +257 +62 +338 +28 +71 +222 +335 +31 +395 +146 +192 +283 +331 +114
+226 +30 +340 +369 +337 +83 +199 +161 +44 +357 +162 +16 +353 +293 +174 +357 +398 +134 +146
