25 25
+276 +279 +267 +269 +173 +99 +318 +188 +268 +354 +317 +89 +147 +376 +182 +230 +106 +210 +194 +384 +125 +126 +194 +336 +52
+21 +312 +180 +392 +348 +263 +315 +156 +165 +49 +36 +191 +183 +215 +329 +18 +206 +347 +64 +62 +146 +119 +207 +271 +130
+298 +239 +153 +272 +115 +151 +151 +384 +269 +222 +211 +105 +85 +341 +203 +361 +64 +108 +335 +186 +63 +213 +282 +158 +41
+119 +353 +45 +22 +269 +314 +312 +102 +234 +364 +112 +140 +172 +64 +282 +289 +392 +130 +97 +89 +171 +300 +352 +110 +174
+125 +355 +48 +265 +319 +255 +351 +70 +126 +68 +184 +181 +295 +210 +38 +239 +393 +371 +323 +64 +358 +337 +318 +298 +202
+380 +125 +239 +367 +370 +345  +7 +224 +232 +139 +282 +189 +394 +112 +40 +246 +112 +224 +123 +92 +335 +173 +121 +52 +242
+175 +105 +112 +358 +365 +318 +391 +332 +15 +195 +223 +179 +372 +156 +137 +315 +52 +284 +56  +3 +357 +296 +370 +215 +292
+20 +237 +315 +178 +388 +318 +125 +316 +164 +253 +128 +303 +162 +129 +306 +361 +287 +32 +92 +118 +300 +171 +44 +370  +9
+208  +7 +127 +150 +211 +253 +337 +241 +140 +28 +339 +328 +53 +239 +167 +352 +268 +170 +27 +242 +211 +116 +154 +120 +105
+367 +268 +96 +64 +19 +378 +102 +106 +324 +338 +35 +78 +155 +259 +177 +349 +305 +328 +224 +396 +234 +116 +103 +223 +296
+355 +216 +254 +332 +378 +164 +320 +179 +283 +399 +37 +127 +333 +243 +72 +205 +194 +100 +339 +179 +304 +59 +92 +348 +325
+110 +364 +108 +361 +338 +252 +31 +182 +248 +370 +86 +170 +132 +36 +106 +156 +61 +185 +276 +268 +322 +281 +109 +62 +50
+157 +308 +107 +347 +168 +135 +138 +129 +254 +300 +247 +252 +217 +172 +138 +138 +351 +69 +79 +127 +329 +89 +204 +240 +360
+266 +269 +108 +252 +386 +11 +251 +138 +21 +157 +196 +108 +395 +42 +114 +244 +81 +366 +356 +215 +26 +239 +93 +221 +373
+396 +223 +54 +42 +324 +67 +92 +54 +332 +257 +83 +146 +31 +219 +219 +34  +8 +82 +249 +187 +268 +153 +299 +96  +3
+239 +148 +137 +124  +4 +398 +56 +31 +249 +163 +225 +32 +304 +205 +156 +237 +110 +341 +209 +372 +263 +267 +288 +206 +246
+56 +84 +248 +330 +198 +77 +20 +266 +250 +371 +312 +146 +394 +164 +260 +143 +293 +117 +142 +160 +385 +15 +13 +382 +320
+272 +70 +294 +62 +82 +18 +304 +209 +110 +195 +26 +190 +347 +399 +70 +199 +296 +272 +315 +270 +311 +308 +256 +358 +127
+226 +293 +44 +203 +354 +265 +76 +374 +375 +167 +263 +289 +219 +281 +142 +264 +359 +399 +115 +117 +199 +291 +334 +146 +228
+227 +294 +204 +310 +355 +23 +200 +48 +306 +19 +182 +239 +161 +357 +260 +30 +49 +315 +310 +12 +98 +365 +40 +362 +38
+132 +217 +355 +355 +124 +260 +323 +311 +270 +349 +259 +107 +323 +231 +120 +150 +20 +172 +371 +221 +132 +241 +19 +54 +322
 +0 +384 +380  +6 +319 +212 +318 +274 +140 +174 +292 +195 +266 +39 +102 +100 +388 +256 +104 +85 +74 +248 +167 +80 +28
+238 +41 +80 +318 +261 +388 +372 +117 +395 +219 +290 +178 +295 +241 +343 +399 +202 +279 +165 +281 +166 +205 +266 +340 +279
+116 +124 +139 +10 +398 +87 +101 +264 +55 +142 +41 +389 +381 +290 +86 +382 +291 +376 +21 +320 +82 +255 +57 +156 +265
+35 +264 +119 +44 +38 +245 +260 +184 +335 +69 +86 +145 +165 +60 +244 +89 +336 +330 +385 +298 +223 +319 +235 +22 +129
