60 60
+270 +43 +139 +193 +46 +228 +109 +48 +240 +128 +133 +245  +3 +346 +244 +370 +149 +371 +299 +183 +81 +125 +309 +57 +20 +294 +345 +318 +138 +210 +274 +361 +69 +332 +68 +393  +3 +275 +56 +267 +47 +208 +359 +176 +27 +370 +30 +243 +268 +380 +159 +300 +287 +71 +16 +72 +64 +141 +98 +126
+129 +255 +300 +335 +263 +35 +364 +165 +218 +301 +18 +347 +211 +24 +390 +65 +382 +152 +13  +5 +384 +130 +103 +222 +317 +45 +376 +338 +68 +373 +284 +208 +392 +292 +182 +85 +248 +313 +358 +109 +116 +163 +318 +75 +97 +296 +182 +267 +289 +54 +81 +12 +327 +178 +284 +169 +53 +23 +290 +14
+230 +98 +316 +74 +331 +17 +289 +219 +369 +41 +169 +326 +163 +205 +236 +269 +248 +269 +39 +356 +388 +65 +13 +302 +372 +158 +249 +359 +46 +141 +185 +399 +305 +12 +125 +220 +174 +246 +271 +165 +20 +284 +255 +318 +17 +151 +165 +34 +254 +127 +305 +121 +90 +270 +333 +262 +208  +2 +68 +105
+79 +224 +330 +251 +398 +29 +129 +102 +229 +354 +235  +9 +257 +373 +148 +324 +100 +262 +397 +368 +262 +189 +136 +294 +384 +60 +88 +263 +339 +97 +272 +208 +370 +151 +129 +37 +280 +109 +370 +394 +146 +291 +97 +158 +184  +3 +118 +256 +105 +389 +325 +203 +201 +177 +221  +1 +230 +351 +105 +295
+117 +358 +377 +129 +56 +205 +213 +55 +128 +216 +42 +14 +196 +346 +111 +358 +33 +351  +7 +214 +353 +372 +302 +387 +52 +178 +245 +111 +203 +41 +93 +179 +351 +399 +130 +339 +229 +111 +161 +155 +154 +41 +260 +68 +89 +196 +47 +285 +146 +366 +94 +95 +249 +103 +89 +168 +126 +258 +215 +167
+68 +337 +201 +72 +148 +25 +393 +294 +237 +383 +198 +122 +325 +168 +315 +186 +236 +319 +272 +199 +315 +103 +338 +391 +145 +158 +121 +292 +166 +25 +111 +241 +41 +320 +59 +286 +137 +77 +180 +323 +354 +159 +89 +66 +350 +228 +42 +119 +106 +100 +385 +112 +141 +376 +375 +124 +172 +202 +82 +311
+127 +127 +377 +261 +355 +360 +339 +211 +57 +151 +224 +248 +194 +371 +44 +299 +251 +373 +292 +341 +345 +371 +128 +370 +277 +154 +306 +223 +260 +282 +398  +8 +181 +282 +90 +317 +230 +330 +237 +308 +57 +285 +393  +8 +199 +159 +269 +111 +38 +387 +27 +183 +238 +370 +117 +163 +313 +395 +222 +76
 +5 +64 +330 +108 +37 +123 +261 +288 +73 +337 +57 +91 +258 +292 +389 +51 +357 +206 +48 +245 +143 +218 +255 +323 +231 +330 +220 +248  +2 +261 +250 +55 +46 +62 +39 +81 +84 +297 +375 +59 +258 +169 +57 +15 +372 +289 +319 +147 +277 +44 +271 +122 +167 +86 +176 +304 +223 +137 +309 +133
+282 +175 +337 +192 +174 +86 +188 +114 +271 +62 +103 +345 +16 +73 +341 +333 +101 +27 +142 +80 +225 +39 +167 +308 +327 +221 +200 +392 +49 +37 +350 +218 +376 +133 +147 +288 +199 +317 +280 +92 +386 +13 +234 +204 +179 +265 +293 +302 +70 +299 +246 +109 +306 +167 +83 +84 +62 +31 +194 +228
+21 +319 +87 +106 +363 +51 +89 +216 +327 +257 +316 +229 +241 +105 +79 +276 +156 +15 +88 +334 +375 +254 +315 +76 +195 +103 +385 +157 +292 +49 +195 +180  +8 +34 +87 +276 +385 +279 +95 +232 +79 +384 +397 +262 +33 +393 +218 +263 +369 +217 +392 +269 +366 +83 +375 +288 +170 +73 +37 +25
+282 +76 +166 +302 +231 +125 +298 +21 +274 +90 +277 +118 +215 +291 +344 +190 +227 +157 +21 +319 +44 +277 +281 +56 +243 +111 +212 +252 +41 +265 +282 +309 +229 +254 +25 +289 +76  +8 +116 +365 +70 +70 +390 +307 +114 +369 +93 +138 +239 +158 +305 +390 +370 +336 +120 +229 +271 +106 +121 +277
+226 +283 +353 +260 +155 +95 +76 +256 +199 +101 +372 +143 +94 +224 +36 +16 +34 +40 +290 +175 +65 +135 +211 +321 +145 +87 +235 +130 +178 +177 +25 +380 +251 +90 +33 +79 +81 +176 +290 +91 +260 +390 +49 +178 +244 +177 +373 +71 +175 +95 +97 +284 +395 +214 +216 +213 +321 +174 +142 +223
+103 +191 +174 +115 +395 +89 +118 +372 +212 +167 +52 +154 +69 +145 +163 +170 +314 +74 +93 +128 +45 +310 +31 +237 +81 +245 +259 +132 +237 +11 +327 +368 +227 +60 +317 +49 +337 +77 +266 +65 +391 +215 +313 +287 +290 +201 +389 +227 +323 +369 +60 +26 +233 +30 +157 +104  +6 +360 +132 +137
+121 +250 +212 +210 +308 +174 +61 +81 +135 +46 +297 +117 +331 +323 +104 +30 +181 +322 +298 +144 +233 +387 +322 +281 +219 +129 +156 +228 +284 +57 +251 +163 +219 +375 +184 +381 +180 +253 +241 +297 +184 +175 +12 +234 +118 +64 +79 +133 +209 +352 +35 +346 +177 +388 +389 +62 +140 +290 +271 +244
+308 +71 +200 +287 +318 +62 +210 +323 +186 +237 +215 +74 +25 +236 +349 +55 +254 +311 +99 +20 +301 +60 +69 +21 +173 +298 +242 +41 +85 +319 +259 +310 +192 +385 +306 +129 +73  +9 +381 +79 +27 +182 +78 +240 +124 +256 +276 +121 +66 +282 +250 +272 +148 +94 +36 +178 +47 +24 +124 +248
+278 +206 +190 +296 +375 +12 +330 +177 +115 +372 +236 +363 +233 +101 +180 +213  +8 +229 +330 +209 +269 +46 +168 +185 +146 +361 +288 +50 +78 +323 +152 +164 +22 +40 +132  +7 +141 +269 +323 +21  +9  +6 +127 +345 +399 +352 +192 +302 +165 +233 +268 +202 +389 +238 +305 +23 +350 +208 +303 +35
+276 +204 +38 +166 +355 +126 +12 +275 +295 +129 +151 +113 +122 +346 +181 +336 +77 +201  +6 +157 +376 +310 +109 +245 +81 +357 +275 +238 +177 +67 +135 +193 +122 +107 +264 +213 +62 +323  +2 +246 +211 +184 +174 +33 +374 +39 +215 +367 +159 +115 +311 +12 +249 +154 +262 +362 +21 +320 +23 +369
+210 +121 +70 +105 +326 +47 +218 +275 +295 +337 +116 +65 +365 +204 +146 +326 +85 +213 +244 +289 +233 +30 +265 +70 +18 +315 +311 +191 +237 +51 +242 +277 +225 +229 +22 +148 +22 +78 +69 +233 +192 +94 +222 +122 +132 +331 +320  +2 +95 +79 +211 +257 +351 +109 +162 +93 +61 +233 +386 +113
+188 +170 +118 +160 +36 +378 +29 +330 +288 +245 +194 +24 +215 +246 +133 +176 +259 +223 +64 +271 +36 +384 +312 +152 +98 +16 +203 +37 +255 +18 +38 +280 +289 +99 +117 +256 +366 +24 +317 +295 +244 +65 +131 +221 +218 +301 +60 +65 +65 +251 +186 +391 +120 +244 +276 +254 +178 +24 +222 +50
+278 +165 +239 +273 +182 +296 +163 +315 +291 +132 +82 +344 +18 +80 +200 +316 +96 +100 +141 +385 +178 +297 +91  +1 +218 +67 +93 +359 +281 +163 +67 +287 +309 +139 +257 +91 +304 +228 +219 +88 +87 +389 +257 +52 +275 +160 +244 +44 +178 +58 +360 +59 +112 +393 +213 +110 +158 +61 +310 +267
+391 +258 +123 +278 +178 +270 +346 +93 +108 +388 +101 +70 +130 +64 +217 +174 +296 +109 +145 +120 +136 +200 +256 +95 +49 +253 +28 +330 +55 +50 +57 +126 +156 +47 +155 +262 +237 +14 +392 +156 +371 +320 +271 +116 +111 +80 +306 +39 +316 +95 +340 +171 +186 +254 +293 +373 +20 +16 +329 +250
+47 +179 +367 +41 +302 +295 +150 +35 +356 +240 +225 +85 +195 +105 +126 +374 +306 +397 +342 +276 +359 +383 +133 +59 +248 +154 +273 +60 +95 +189 +237 +170 +279 +318 +35 +365 +137 +384 +388 +126 +367 +35 +273 +52 +123 +317 +257 +64 +269 +260 +153  +3 +352 +276 +122 +97  +5 +204 +307 +308
+77 +94 +35 +362 +148 +240 +345 +355  +2 +67 +243 +337 +292 +257 +63 +210 +85 +102 +282 +65 +292 +64 +99 +340 +73 +360 +101 +334 +95 +346 +28 +351 +74 +11 +263 +16 +70 +85 +148 +143 +307 +384 +236 +254 +322 +97 +152 +223 +39 +185 +318 +61 +243 +76  +1 +294 +120 +357 +367 +135
+336 +22 +295 +225 +274 +249 +153 +202 +361 +159 +229 +177 +259 +109 +378 +182 +344 +298 +301 +56 +330 +383 +338 +357 +66 +79 +205 +160 +228 +35 +258 +306 +103 +110 +204 +102 +393 +144 +25 +51 +159 +211 +318 +324 +372 +26 +25 +250 +68 +78 +312 +395 +316 +232 +170 +128 +219 +345 +134 +183
+240 +191 +216 +347 +209 +232 +148 +36 +97 +164 +72 +302 +186 +39 +237 +324 +206 +160 +231 +232 +295 +14  +5 +396 +372 +141 +98 +161 +183 +139 +142 +212 +204 +67 +130 +298 +80 +399 +120 +84 +80 +394 +256 +213 +221 +44 +289 +389 +275 +350  +7 +390 +183 +96 +166 +351 +287 +292 +73 +193
+89 +362 +182 +241 +297 +350 +370 +334 +85 +79 +291 +384 +88 +209 +176 +29  +3 +157 +183 +178 +339 +191 +117 +224 +28 +61 +187 +120 +96 +154 +273 +153 +249 +295 +215 +364 +149 +269 +270 +204 +40 +124 +56 +256 +188 +49 +230 +330 +359 +12 +357 +81 +247 +239 +293 +95 +91 +399 +238 +31
+108 +324 +335 +51 +83 +273 +192 +97 +247 +252 +288 +328 +79 +82 +390 +281 +213 +113 +214 +160 +173 +207 +28 +318 +248 +341 +75 +56 +349 +396 +85 +132 +233 +21 +178 +392 +86 +208 +307 +307 +264 +222  +6  +9 +346 +283 +192 +193 +60 +196 +343 +333 +137 +274 +377 +344 +284 +19 +143 +158
+307 +85 +204 +304 +322 +265 +237 +209 +197 +64 +377 +79 +25 +125 +93 +181 +280 +243 +102 +152 +138 +28 +24 +183 +218 +304 +117 +126 +39 +312 +371 +160 +321 +145 +230 +138 +236 +148 +333 +249 +399 +263 +287 +252 +203 +262  +9 +373 +161 +173 +263 +386 +200 +338 +166 +138 +198 +263 +28 +39
+80 +267 +71 +146 +51 +369 +102 +25 +226 +48 +287 +154 +273 +277 +155 +213 +52 +143 +23 +105 +351 +270 +318 +197 +49 +60 +207  +3 +303 +283 +156 +399 +170 +233 +71 +172 +396 +345 +82 +271 +78 +216 +128 +202 +358 +74 +163 +278 +324 +277  +0 +166 +264 +98 +376 +76 +102 +112 +38 +96
+211 +52 +283 +309 +132 +330 +137 +291 +167 +367  +4 +100 +232 +336 +289 +242 +329 +253 +164 +285 +287  +8 +112 +365 +202 +111 +83 +135 +20 +318 +325 +333 +379 +280 +191 +25  +1 +251 +124 +233 +152 +378 +108 +388 +154 +304 +345 +73 +287 +338 +143 +331 +303 +161 +342 +15 +139 +205 +101 +322
+192 +282 +106 +153 +230 +57 +241 +291 +271 +60 +367 +215 +129 +122 +288 +57 +91 +225 +318 +343 +391 +237 +268 +185 +53 +190 +102 +209 +158 +280 +212 +355 +380 +220 +391 +96 +295 +243 +283 +176 +77 +195 +239 +16 +345 +87 +181 +162 +304 +187 +390 +172 +195 +98 +33 +266 +355 +172 +194 +124
+242 +215 +92 +344 +342 +334 +110 +262 +304 +333 +360 +97 +143 +291 +259 +188 +65  +7 +273 +340 +324 +61 +170 +302 +46 +346 +169 +101 +56 +169 +365 +377 +330 +385 +195 +298 +258 +337 +102 +150 +36 +60 +339 +378 +97 +267 +89 +381 +106 +395 +205 +91 +313  +7 +229 +327 +225 +345 +75 +167
 +9 +309 +152 +306 +23 +200 +308 +55 +179 +193 +350 +216 +169 +48 +300 +155 +22 +279 +384 +233 +133 +365 +120 +72 +117 +235 +360 +239 +225 +381 +241 +60 +224 +382 +373 +136 +294 +168 +76 +232 +11 +237 +182 +202 +221 +300 +84  +8 +78 +158 +95 +109 +395 +350 +261 +259 +150 +312  +5 +154
+241 +240 +260 +317 +399 +166 +117 +186 +69 +98 +236 +280 +330 +230 +267 +262 +278 +190 +118 +150 +135 +188 +140 +159 +350 +318 +398 +205 +137 +365 +284 +196 +23 +106 +230 +295 +254 +281 +68 +198 +358 +57 +19 +26 +202 +259 +46 +257 +155 +109 +107 +193 +26 +150 +129 +253 +102 +106 +114 +382
+183 +60 +384 +336 +253 +392 +145 +170 +40 +172 +80 +370 +338 +62 +89 +17 +219 +162 +380 +11 +85 +270 +380 +346 +130 +169 +331 +124 +226 +380 +143 +43  +1 +255 +269 +144 +236 +348 +94 +35 +220 +60 +281 +379 +112 +341 +365 +76 +328 +355 +128 +324 +152 +217 +21 +231 +271 +68 +117 +11
+33 +341 +99 +362 +339 +335 +89 +61 +276 +133 +356 +358 +279  +2 +280 +57 +62 +96  +4 +242 +238 +312 +254 +41 +137 +112 +225 +205 +266 +196 +319 +190 +315 +41 +19 +29 +158 +126 +172 +71 +293 +186 +359 +312 +314 +302 +37 +233 +147 +15 +253 +155 +171 +94 +30 +79 +315 +382 +135 +105
+210 +191 +358 +189 +367 +216 +92 +254 +223 +10 +152 +261 +311 +261 +240 +172 +173 +323 +104 +71 +375 +344 +57 +314 +341 +92 +285 +158 +258 +266 +11 +361 +91 +50 +14 +145 +56 +137 +76 +60 +263 +15 +92 +232 +22 +170 +204  +8 +230 +399 +77  +7 +86 +169 +168 +251 +236 +243 +26 +23
+354 +389 +179 +371 +13 +165 +301 +82 +185 +22  +5 +14 +120 +53  +2 +319 +178 +184 +370 +359 +395 +321  +1 +268  +7 +220 +247  +8 +79 +92 +13 +265 +45 +383 +42 +227 +370 +175 +204 +192 +264 +53 +159 +237 +269 +392 +162 +335 +366 +265 +39 +191 +41 +125 +164 +96 +308 +143 +195 +28
+64 +390 +77 +98 +392 +379 +213 +336 +211 +246 +38 +173 +328 +111 +64 +315 +202 +261 +195 +283 +153 +167 +10 +345 +347 +105 +395 +307 +240 +317 +274 +65 +281 +139 +255 +382 +214 +391 +390 +156 +233 +17 +109 +32 +115 +281 +104 +168 +16 +360 +249 +342 +77  +0 +364 +358 +60 +258 +371 +146
+100  +7 +30 +66 +274 +72 +276 +264 +51 +286 +185 +326 +321 +316 +156 +195 +336 +138 +275 +168 +72 +119 +24 +78 +12 +29 +189 +214 +58 +252 +182 +381 +16 +120 +308 +356 +232 +283 +32 +236 +355 +374 +253 +149 +182 +223 +216 +205 +48 +118 +188 +131 +60 +268 +121 +144 +13 +337 +15 +377
+158 +197 +144 +350 +104 +219 +263 +193 +143 +175 +127 +82 +319 +309 +142 +289 +248 +270 +40 +145 +144 +203 +191 +41 +283 +328 +81 +383 +313 +334 +161 +327 +308 +321 +21 +230 +18 +153 +299 +131 +65 +235 +373 +227 +395 +93 +213 +53 +94 +333 +28 +336 +221 +190 +238 +376 +352 +380 +127 +86
+250 +393 +205 +376 +115 +93 +313 +97 +132 +383 +359 +322 +17 +211 +271 +129 +79 +196 +335 +270 +209 +200 +368 +394  +3 +292 +246 +166 +397 +111 +75 +261 +320 +377 +149 +351 +175 +312 +35 +386 +82 +112 +12 +194 +378 +130 +269 +80 +43  +7 +308 +46 +339 +55 +116 +88 +93 +313 +365 +39
+318 +163 +370 +75 +206 +254 +16 +261 +202 +168 +202 +47 +160 +93 +199 +346 +377 +392 +121 +243 +304 +194 +329 +396 +284 +336 +374 +247 +313 +141 +392 +80 +104 +173 +254 +376 +183 +46 +66 +226 +88 +10 +244 +147 +125 +189 +281 +277 +154 +174  +8 +106 +115 +218 +130 +184 +111 +177 +133 +176
+283 +212 +87 +175 +71 +86 +342 +110  +0 +362 +188 +104 +94 +177 +294 +93 +15 +132 +247 +285 +177 +195 +369 +225 +110 +282  +3 +363 +126 +316 +14 +286 +54 +125 +104 +366 +47 +261 +92 +270 +184 +373 +341 +29 +177 +184 +278 +176 +134  +4 +101 +322 +211 +70 +57 +185 +107 +170 +46 +385
+366 +283 +201 +189 +112 +329 +144 +329 +143 +126 +18 +196 +224 +158 +160 +177 +317 +29 +194 +310 +71 +273 +172 +80 +140 +279 +187 +378 +348 +127 +312 +16 +102 +152 +357 +26 +199 +166 +326 +33 +111 +49 +35 +121 +102 +142 +201 +366 +224 +281 +12 +221 +174 +212 +259 +321 +158 +375 +108 +287
+20 +266 +210 +354  +9 +134 +50 +270 +388 +152 +198 +20 +37 +219 +98 +357 +47 +358 +383 +98 +155 +190 +213 +129 +54 +150 +82 +78 +225 +121 +194 +243 +341  +0 +193 +56 +106 +210 +309 +77 +19 +121 +30 +218 +317 +334 +358 +137 +387 +398 +170 +12 +76 +241 +311 +337 +294 +37 +144 +57
+31 +259 +273 +326 +377 +173 +217 +341 +225 +10 +247 +64 +350 +170 +80 +284 +156 +58 +151 +162 +381 +276 +307 +173 +396 +18 +103 +317 +362 +135 +33 +25 +120 +185 +285 +235 +282 +120 +261 +139 +374 +286 +393 +31 +197 +122 +232 +390 +37 +72 +341 +78 +350 +235 +351 +209 +260 +203 +272 +365
+191 +254 +163 +67 +390 +302 +17 +159 +167 +21 +19 +355 +294 +321 +21 +326 +17 +360 +139 +322 +311 +353 +389 +28 +24 +185 +60 +176 +187 +384  +7 +69 +287 +259 +60 +63  +3 +315 +59 +217 +25 +109 +240 +74 +347 +115 +209 +31 +364 +274 +53 +37 +156 +319 +375 +334 +396 +12 +97 +233
+198 +369 +67  +5 +94 +321  +2 +37 +160 +387 +382 +381 +146 +115 +32 +233 +285 +117 +244 +252 +38 +62 +230  +7 +239 +193 +385 +264 +327 +268 +27 +236 +307 +363 +393 +130 +22 +398 +248 +60 +107 +86 +96  +4  +7 +354 +105 +198 +352 +91 +85  +2 +68 +121 +68 +99 +98 +108 +219 +47
+391 +359 +191 +356 +175 +163 +56 +82 +59 +361 +147 +304 +320 +365 +306 +176 +311 +67 +16 +39 +183 +176 +83 +395 +11 +101 +374 +71 +290 +284 +86 +343 +141 +376 +321 +147 +169 +395 +34 +19 +94 +92 +330 +305 +388 +129 +33 +348 +49 +87 +49 +290 +397 +25 +249 +287 +277 +26 +17 +313
+244 +87 +276 +135 +118 +306 +55 +139 +307 +43 +109 +114 +341 +66 +122 +300 +158 +196 +310 +293 +21  +5 +330 +332 +48 +241  +8 +94 +306 +250 +283 +53 +254 +139 +383 +137 +45 +136 +270 +393 +166 +396 +112  +6 +290 +26 +250 +216 +359 +30 +266 +349 +102  +6 +247 +370 +285 +288 +331 +306
+111 +383  +2 +393 +132 +113 +262 +217 +275 +393 +122 +205 +141 +279 +144 +93 +350 +394 +98 +274 +219 +365 +267 +76 +30 +145 +344 +152 +317 +247 +193 +304 +371 +93 +168 +389 +77 +382 +397 +54 +14 +191 +113 +122 +198 +72 +329  +3 +221 +384 +356 +379 +324 +56 +101 +222 +93 +148 +14 +320
+211 +58 +126 +166 +297 +365 +208 +377 +138 +365 +41 +102 +258 +350 +210 +266 +18 +100 +92 +280 +226 +328 +136 +382 +265 +356 +396 +241 +263 +271 +54 +293 +221 +247 +368 +40 +124 +195 +143 +373 +271 +115 +296 +324 +321 +108 +290 +160 +152 +333 +237 +268 +243 +319 +216 +231 +95 +295 +206 +336
+75 +26 +342 +13 +165 +207 +354 +361 +225 +173 +396 +308 +367 +267 +107 +219 +209 +147 +269 +286 +99 +132 +246 +278 +207 +76 +242 +362 +341 +358 +144 +229 +45 +370 +299 +388 +14 +330 +159 +398 +18 +97 +214 +34 +342 +59 +371 +382 +180 +365  +9 +173 +322 +245 +50 +98 +59 +346 +175 +69
+119 +384 +279 +289 +249 +156 +281 +359 +277 +84 +138 +25 +308 +371 +38 +398 +297 +386 +258 +316 +265 +16 +368 +333 +109 +198 +169 +307 +317 +114 +254 +32 +387 +273 +242 +45 +238 +175 +188 +273 +356  +8 +121 +281 +154 +370 +198 +151 +276 +65 +248 +273 +81 +262 +46 +378 +381 +145 +298 +319
+62 +325 +347  +4 +384 +360 +132 +271 +327 +47 +345 +274 +203 +304 +172 +208 +36 +93 +164 +214 +283 +67 +104 +117 +235 +378 +294 +87 +322 +49 +135 +123  +4 +324 +260 +205 +15 +87 +133 +373 +98  +9 +336 +27 +283 +332 +267 +208 +67 +382 +317 +343 +161 +76 +376 +390 +24 +129 +222 +89
+189 +152 +205 +135 +365 +11 +311 +84 +39 +384 +299 +343 +54 +147 +156 +332 +138 +60 +254 +164 +392 +288 +143 +210 +299 +224 +54 +229 +44 +301 +358 +341 +115 +220 +292 +109 +30 +158 +239 +233 +189 +358  +2 +338 +299 +375 +274 +363 +122 +397 +72 +308 +169 +10 +67 +337 +330 +74  +9 +241
+243 +234 +22 +148 +82 +141 +373 +121 +76 +67 +256 +94 +50 +120 +79 +153 +196 +286 +267  +2 +292 +300 +36 +201 +352 +354 +188 +94 +364 +107  +8 +310 +317 +141 +55 +189 +268 +396 +78 +76 +384 +167 +136 +349 +242 +27 +221 +173 +37 +58 +300 +289 +170 +47 +159 +341 +335 +177 +353 +338
+358 +122 +137 +239 +387 +126 +131 +153 +133 +285 +356 +126 +16 +77 +132 +275 +266 +58 +108 +323 +64 +185 +308 +372 +155 +201 +232 +177 +249 +361 +369 +265 +326 +354 +233 +239 +225 +280 +11 +47 +206 +157 +202 +71 +143 +44 +266 +159 +235 +139 +259 +70 +152 +380 +386 +197 +122 +357 +225 +358
+214 +288 +109 +27 +159 +90 +301 +159 +315 +334 +53 +184 +169 +357 +132 +180 +338 +354 +46 +98 +115 +225 +93 +253 +284 +208 +193 +285 +151 +122 +113 +168 +328 +387 +268 +134 +142 +181 +21 +399 +124 +46 +363 +369 +205 +383  +3 +270 +242 +68 +236 +62 +205 +217 +25 +257 +107 +188 +68 +227
