20 20
+374 +40 +370 +334 +190 +129 +87 +299 +136 +381 +293 +70 +12 +393 +49 +164 +191 +12 +44 +240
+353 +372 +249 +82 +186 +327 +139 +167 +13 +102 +137 +60 +149 +270 +122 +212 +167 +313 +359 +100
+361 +148 +198  +2 +257 +270 +176 +100 +326 +169 +251 +178 +364 +235 +130 +40 +385 +39 +131 +386
+97 +350 +35 +318 +395 +69 +310 +66 +285 +244  +9 +209 +12 +366 +250 +289 +349 +54 +204 +114
+55 +41 +242 +288 +120 +44 +188 +16 +316 +32 +272 +314 +122 +372 +111 +369 +268 +103 +148 +149
+290  +6 +24 +363 +159 +171 +330 +314 +227 +386 +257 +82 +193 +206 +29 +285 +48  +1 +296 +388
+393 +244 +321 +156 +264 +303 +46 +352 +137 +122 +305 +95 +326 +173 +228 +256 +139 +143 +207 +222
+96 +86 +207 +294 +393 +360 +142 +195 +273 +381 +171 +162 +263 +240 +12 +45 +334 +175 +69 +373
+296 +108 +237 +200 +140 +264 +204 +290 +356  +0 +153 +31 +386 +292 +126 +323 +75 +142 +204 +268
+325 +239 +344 +332 +58 +62 +306 +111 +114 +229 +83 +387 +182 +298 +169 +244 +210 +54 +375 +46
+386 +56 +54 +217 +337 +321 +349 +133 +298 +186 +393 +271 +31 +275 +74 +263 +189  +3  +0 +123
+325 +59 +360 +74 +280 +382 +124 +81 +137 +79 +132 +325 +377 +11 +155 +333 +231 +275 +276 +120
+21 +31 +305 +275 +332 +314 +237 +176 +170 +107 +332 +34 +243 +277 +319 +88 +214 +39 +76 +310
+347 +227 +323 +108 +260 +131 +298 +33 +34 +141 +352 +354 +280 +57 +351 +355 +204 +263 +304 +336
+399 +274 +192 +50 +201 +34 +223 +265 +362 +325 +350 +378 +143 +381 +90 +57 +71 +14 +305 +237
+55 +218 +87 +263 +77 +100 +349 +95 +127 +25 +209 +358 +101 +74 +70 +111 +314 +31 +389 +134
+100 +335 +344 +37 +343 +296 +150 +166 +371 +105 +289 +36 +386  +6 +252 +64 +116 +254 +45 +353
+336 +38 +272 +66 +309 +59 +394 +30 +140 +129 +359 +309 +352 +193 +386 +285  +2 +26 +356  +3
+254 +100 +115 +361  +7 +236 +382 +300 +210 +346 +275 +156 +192 +93 +184 +92 +201 +232 +317 +171
+238 +324 +187 +120 +56 +270 +87 +318 +206 +139 +392 +54 +317 +270 +398 +100 +333 +301 +217 +219
