29 29
+93 +355 +18 +382 +249 +217 +369 +325 +107 +45 +154 +319 +272 +252 +21 +389 +35 +254 +363 +394 +369 +69 +42 +305 +347 +254 +144 +292 +256
+375 +13 +378 +277 +329  +2 +200 +376 +329 +128 +303 +358 +82 +26 +182 +396 +119 +234 +65 +40 +382 +388 +397 +198 +229 +15 +168 +367 +378
+247 +185 +205 +399 +271 +347 +212 +232 +245 +206 +239 +281 +46 +28 +116 +397 +167 +19 +398 +101 +12 +92 +346 +300 +363 +165 +51 +75 +270
+151 +204 +330 +207 +340 +205 +255 +45 +112 +148 +380 +38 +393 +107  +6 +121 +290 +56 +133  +3 +236 +147 +315 +10 +71 +282 +21 +55 +348
+310 +363 +366 +69 +156 +374 +134 +373 +285 +299 +222 +54 +248 +302 +157 +240 +88 +366 +196 +163 +340 +232 +337 +63 +134 +372 +147 +83 +104
+136 +46 +304 +22 +368 +297 +271 +298 +202 +245 +303 +101 +174 +356 +195 +30 +55 +63 +47 +317 +25 +350 +342 +126 +157 +341 +103 +239 +195
+215 +349 +271 +398 +361 +250 +153 +381 +113 +180  +5 +134 +339 +227 +75 +15 +230 +253 +48 +102 +279 +265 +179 +192 +14 +208 +150 +318 +274
+225 +212 +151 +181 +104 +217 +170 +195 +201 +74 +149 +71 +248 +278 +45 +287 +267 +143 +138 +195 +219 +289 +342 +247  +0 +14 +96 +376 +363
+333 +264 +218 +178 +87 +193 +313 +284 +182 +21 +351 +198 +202  +3 +173 +185 +112 +92 +118 +236 +110 +139 +74 +84 +75 +140 +232 +382 +203
+81 +279 +165 +252 +226 +360 +217 +357 +240 +63 +355 +367 +361 +300 +188 +232 +220 +16 +108 +200 +323 +129 +300 +76 +126 +211 +32 +67 +200
+310 +274 +82 +109 +375 +203 +354  +8 +296 +288 +232 +108 +209 +150 +284 +261 +297 +327 +76 +272 +138 +75 +121 +105 +384 +287  +5 +346 +29
+68 +273 +244 +286 +316 +340 +224 +34 +118 +33 +86 +391 +134 +165 +319 +147 +23 +321 +274 +82 +190 +169 +132 +336 +243 +224 +220 +185  +4
+306 +306 +51 +240 +293 +386 +89 +56 +84 +157 +396 +342 +386 +323 +118 +95 +35 +108 +147 +152 +332 +350  +5 +76 +70 +75 +73 +25 +91
+117 +268 +182 +396 +249 +59 +395 +164 +314 +55  +3 +177 +133 +212 +386 +81 +277 +282 +392 +60 +105 +209 +41 +313 +370 +295 +36 +375 +83
+231 +196 +320 +156  +0 +46 +99 +284 +65 +39 +122 +288 +114 +315 +327 +324 +399 +263 +95 +170 +99 +229 +44 +315 +30 +229 +318 +106 +207
+314 +43 +243 +186 +298 +383 +93 +184 +207 +42 +58 +58 +89 +122 +292 +46 +392 +101 +180 +324 +228 +32 +349 +149 +395 +347 +154 +103 +323
+196 +384 +375 +51 +340 +117 +346 +101 +306 +102 +102 +36 +92 +170 +76 +13 +256 +64 +163 +50 +26 +248 +111 +230 +385 +346 +85 +301 +87
+10 +24 +215 +111 +83 +360 +390 +333 +67 +305 +41 +77 +312 +248 +47 +282 +235 +62 +119 +45 +291 +176 +89 +14  +5 +183 +366 +316 +227
+399 +56 +165 +222 +333 +115 +224 +144 +238 +364 +290 +82 +247 +399 +331 +273 +147 +49 +296 +399 +252 +321 +317 +136 +384 +209 +289 +291 +326
+244 +206 +196 +53 +13 +54 +291 +205 +219 +265 +47 +68 +335 +234 +184 +386 +94 +230 +336 +72 +97 +163 +58 +390 +230 +152 +331 +157 +339
+236 +126 +300 +219 +111 +377 +36 +283 +376 +329 +317 +72 +318 +232 +201 +249 +307 +208 +161 +208 +307 +119 +32 +205 +180 +86 +357 +222 +142
+210 +209 +351 +325 +336 +47 +356 +69 +23 +340 +237 +168 +273 +166 +92 +324 +18 +125  +0 +356 +180 +295 +124 +34  +3 +84 +53 +113 +367
+380 +23 +30 +218 +143 +132 +325 +348 +384 +93 +327 +206 +310 +95 +96 +14 +13 +13 +43 +238 +209 +185 +360 +354 +292 +165 +320 +83 +83
+58 +273 +313 +180 +66 +232 +51 +375 +243 +295 +87 +246 +96 +364 +218 +256 +20 +235 +173 +35 +153 +384 +328 +214 +376 +370 +377 +79 +58
+362 +299 +118 +245 +39 +318 +49 +50 +309 +72 +228 +200 +350 +360 +218 +132 +175 +178 +276 +278 +307 +138 +147  +1 +378 +130 +31 +243 +318
+37 +327 +309 +377 +298 +71 +145 +273 +310 +20 +355 +222 +91 +284 +172 +209 +186 +274 +189 +348 +180 +47 +395 +337 +325 +366 +60 +295 +197
+72 +112 +15 +134 +375 +125 +157 +225 +123 +283 +328 +91 +265 +98 +356 +161 +373 +29 +325 +272  +9 +369 +189 +57 +365 +395 +363 +143 +248
+56 +29 +327 +167 +15 +258 +246 +259 +187 +269 +254 +192 +285 +396  +4 +297 +291 +318 +291 +353 +222 +393 +126 +196 +44 +15 +162 +137 +39
+120 +196 +97 +50 +319 +218 +234 +384 +149 +314 +184 +132 +281 +97 +134 +170 +266 +232 +153 +47 +241 +151 +248 +280 +138 +297 +233 +77 +284
