537856 604369 451597 574696 589810 516399 564534 498546 750498 692214 453073 604560 510137 605030 321421 608927
593237 852553 528397 555309 636640 622061 649943 529123 775073 826399 578122 808556 620899 730521 327251 605947
580823 819823 534231 567710 710903 657690 603834 584647 827689 832742 634170 822795 630279 722208 399965 698437
508300 635090 439751 531423 524312 457754 475627 494042 719965 742498 490175 663366 540907 602300 320979 488710
514059 694562 403004 487743 559209 530090 467324 454699 641146 635142 472811 613734 496401 546139 314623 579596
745347 723131 633760 628035 651104 751448 616198 623103 885787 785484 532560 750747 576914 737220 417650 740247
488862 488967 397404 330617 339790 423167 368943 433331 594982 503196 349713 528772 371902 502408 260264 470534
797950 1011038 715684 808029 844773 817825 747919 730893 1064759 1007183 765036 979731 749918 881321 547092 876383
595913 822301 516554 624041 631285 587575 582297 542698 815100 920051 542300 822760 568897 742694 393828 610943
751354 909841 656415 706391 682732 717018 650403 716865 976604 972984 665399 947383 704611 811529 461250 805327
625550 808227 574139 706930 634589 586461 621983 586521 861314 880783 593930 872128 659128 681335 412399 652611
612901 738107 460124 550306 563854 616227 614096 491725 923930 769580 523409 725722 654894 706697 406960 541054
477266 682202 581840 526296 524119 572698 551771 532279 797479 675911 581154 727911 604110 691438 407394 687386
584977 768345 583797 585521 649477 682924 544445 674477 903884 853161 608207 859778 630280 791174 481453 740672
642350 901481 659263 661166 735401 747577 676247 740399 967492 970160 746899 1016020 680048 861858 490583 782448
639563 758502 617902 640227 621833 668870 626961 551629 879323 846468 589259 846482 615323 718864 406350 654696
