289415 203449 291840 243458 220023 235288 200105 240316 243753 277647 247881 180544
563192 427437 663277 441824 447176 475483 436374 440523 606846 661643 448028 564983
538235 411637 488587 456419 420707 522600 403619 483218 573859 555324 470497 382848
415751 228397 432459 374605 326336 326807 291632 361615 358263 357757 313335 382942
490793 337934 496623 439238 318655 511332 380876 444768 487057 509447 454066 448601
359458 292647 386604 315565 335192 341577 258699 383852 353723 443044 366250 284774
430281 300829 351711 320033 280405 391217 252715 396579 411921 311533 350274 294879
544894 504865 512273 395815 332556 430137 333655 555347 426249 691731 439831 517516
619854 461652 555448 418065 484406 421779 430230 542263 508082 680039 507136 467054
485253 313880 428856 481385 389923 518968 360345 521486 434504 431724 466910 315051
546475 356673 505817 404510 364024 500303 418081 439860 554718 540551 436104 429208
561866 466096 577847 483328 486931 544425 390408 543993 583170 601324 508323 482324
