50 50
+33 +394 +180 +169 +233  +6 +124  +1 +344 +143 +259 +18 +68 +170 +141 +333 +370 +166 +57 +334 +280 +199 +39 +324 +217 +372 +284 +316 +361 +103 +226 +212 +397 +254 +177 +38 +210 +292 +155 +27 +183 +62 +374 +295 +357 +48 +133 +253 +240 +23
+323 +64 +178 +388 +156 +220 +157 +249 +86 +139 +326 +72 +168 +68 +322 +169 +154 +351 +14 +209 +32 +291 +67 +337 +104 +371 +195 +300 +319 +190 +10 +218 +75 +274 +111 +281 +175  +4 +273 +331 +14 +374 +104 +10 +36 +274 +212 +105 +21 +40
+17 +60 +54 +145 +150 +246 +381 +109 +365 +162 +157 +365 +78 +205 +49 +258 +385 +313 +364 +157 +237 +173 +188 +142 +249 +289 +51 +264 +31 +192 +72 +200 +276 +301 +317 +375 +243 +101 +175 +62 +100 +319 +296 +225 +322 +329 +360 +54 +16 +261
+372 +161 +218 +41 +137 +268 +394 +335 +117 +105 +301 +127 +59 +240 +183 +149 +310 +10 +238 +302 +166 +61 +304 +391 +308 +37 +394 +106 +93 +302 +235 +248 +313 +153 +290 +267 +108 +388 +282 +200 +227 +85 +239 +134 +363 +117 +149 +353 +119 +235
+90  +4 +133 +216 +229 +217 +279 +354 +158 +74 +133 +273 +365 +328 +273 +223 +200 +187 +129 +84 +194 +256 +228 +199 +17 +350 +360 +159 +144 +166 +263 +243 +384 +246 +89 +89 +284 +215 +337 +397 +165 +14 +384 +323 +359 +57 +315 +258 +281 +307
+387 +180 +195 +127 +140 +239 +187 +223 +103 +316 +62 +289 +252 +324 +76 +131 +258 +98 +279  +1 +147 +303 +126 +107 +137 +33 +303 +61 +106 +280 +98 +233 +236 +98 +335 +206 +177 +144 +343 +334 +78 +390 +324 +280 +116 +84 +126 +136 +305 +22
+93 +105 +197 +388 +279 +237 +129 +83 +204 +83 +261 +310 +261 +326 +335 +290 +337 +165 +106 +297 +266 +53 +363 +163 +33 +318 +51 +51 +273 +146 +182 +301 +149 +315 +256 +13 +143 +108 +332 +252 +164 +384 +384 +332 +76 +312 +76 +131 +83 +91
+287 +139 +71 +333 +152 +366 +396 +123 +13 +341 +318 +122 +306 +167 +114 +273 +77 +374 +117 +277 +31 +88 +111 +207 +38 +352  +0 +54 +301 +175 +54 +145 +101 +196 +340 +65 +224 +235  +6 +83 +102 +203 +340 +209 +243 +93 +255 +59 +226 +137
+160 +38 +199 +90 +205 +107 +385 +94 +260 +373 +97 +328 +58 +122 +182 +117 +219 +117 +177 +23 +199 +280 +267 +49 +201 +148  +0 +212 +76 +105 +257 +73 +261 +203 +169 +146 +251 +250 +243 +244 +155 +357 +59 +137 +317 +242 +350 +211 +289 +58
+184 +270 +204 +55 +158 +254 +332 +95 +178 +253 +327 +73 +270 +63  +2 +191 +138 +314 +110 +249 +284 +53 +39 +70 +284 +181 +394 +59 +346  +1 +39 +323 +215 +348 +46 +221 +120 +159 +182 +133 +163 +258 +118 +337 +86 +94 +284 +15  +4 +347
+188 +358 +256 +238 +137 +397 +187 +210 +189 +66 +285 +61 +298 +318 +250 +287 +145 +315 +56 +361 +202 +123 +72 +143  +1 +55 +396 +249 +309 +343 +328 +334 +292 +42 +227 +219 +80 +378 +192 +292 +375 +289 +208 +21 +30 +260 +15 +122 +383 +139
+118 +338 +291 +299 +395 +193 +279 +143 +275 +84 +343 +378 +254 +148 +271 +342 +183 +31 +253 +17 +119 +177 +388 +375 +351 +112 +132 +193 +194 +198 +226 +36 +330 +320 +90 +89 +279 +231 +325 +159 +127 +122 +76 +396 +346 +373 +257 +237 +159 +187
+10 +336 +221 +154 +257 +208  +0 +222 +330 +380 +315 +328 +211 +256 +291 +362 +19 +49 +144 +219 +397 +213 +234 +321 +92 +96 +55 +80 +281 +227 +217 +269 +231 +222 +303 +142 +302 +82 +252  +9 +86 +49 +304 +240 +134 +384 +31 +96 +239 +336
+330 +346 +145 +113 +306 +77 +386 +114 +290 +77 +181 +238 +261 +339 +48 +384 +267 +100 +298 +52 +122 +66 +264 +164 +106 +316 +40 +107 +178 +320 +120 +310 +309 +243 +291 +336 +49 +320 +205 +179 +148 +189 +360 +46 +90 +141 +391 +346 +85 +163
+161 +393 +106 +398 +359 +391 +258 +387 +82 +235 +38 +174 +38 +53 +288 +390 +197 +224 +292 +53 +323 +243 +193 +197 +84 +360 +235 +280 +220 +310 +243 +216 +179 +220 +176 +305 +159 +52 +399 +230 +179 +105 +330 +197 +87 +26 +145 +122 +62 +345
+28 +365 +25 +304 +354 +41 +81 +308  +6 +98 +289 +136 +192 +300 +33 +181 +89 +80 +100 +306 +204 +268 +73 +355 +396 +98 +342 +398 +359 +340 +126 +282 +219 +243 +277 +93 +373 +200 +124 +151 +266 +153 +79 +114 +115 +42 +357 +43 +141 +73
+276 +190 +265 +120 +147 +329 +92 +389 +351 +182 +282 +333 +174 +147 +275 +149 +32 +173 +310 +331 +340 +78 +218 +196 +378 +65 +20 +185 +360 +195 +77 +72 +43 +292 +185 +174 +188 +243 +368 +147 +257 +134 +15 +35 +75 +125 +340 +285 +16 +135
+217 +325 +115 +245 +157 +143 +193 +297 +283 +286 +366 +321 +188 +349 +259 +313  +1 +222 +103 +220 +194 +44 +207 +393 +310 +283 +18 +169 +224 +306 +72 +315 +300 +173 +112 +342 +80 +311 +193 +208 +132 +108 +216 +168 +347 +236 +356 +304 +341 +227
+269 +268 +207 +17 +314 +375 +201 +36  +6 +211 +188 +231 +345 +207 +15 +390 +102 +359 +253 +370 +189 +276 +91 +180 +78 +126 +23 +357 +123 +92 +307  +7 +262 +266 +311 +398 +204 +133 +231 +385 +309 +144 +332 +136 +204 +29 +55 +216 +89 +262
+99 +307 +342 +149 +335 +65 +159 +342 +308 +129 +251 +116 +156 +214 +173 +59 +81 +168 +304 +66 +87 +57 +255 +179 +213 +86 +323 +97 +10 +112 +168 +57 +183 +324 +337 +361 +42 +105 +352 +18 +172 +169 +56 +83 +363  +0 +181 +234 +375 +258
+122 +41 +125 +377 +359 +313 +321 +22 +275 +118 +107 +295 +79 +338 +23 +78 +393 +268 +88 +113 +298 +36 +104 +201 +20 +232 +126 +170 +108 +92 +29 +282 +381 +271 +148 +322 +260 +34 +50 +386 +190 +355 +31 +30 +196 +300 +223 +184 +142 +78
+75 +235 +319 +133 +294 +239 +179 +387 +379 +130 +372 +191 +118 +341 +299 +305 +176 +104 +295 +239 +263 +119 +14 +120 +50 +284 +348 +27 +336 +19 +177 +298 +43 +359 +47 +382 +365 +111 +98 +192 +313 +173 +216 +394 +151 +21 +336 +372 +213 +286
+273 +396 +29 +56 +211 +67 +248 +260 +197 +28 +210 +230 +219 +392 +81 +54 +114 +176 +187 +265 +323 +18 +54 +227 +242 +393 +55 +245 +330 +188 +22 +194  +2 +26 +28 +81 +233 +57 +207 +109 +291 +174 +263 +269 +101 +180 +166 +275 +228 +256
+201 +385 +363 +194 +316 +321 +235 +122 +374 +347 +185 +277 +299 +90 +204 +216 +178 +286 +103 +328 +245 +344 +310 +148 +168 +281 +285 +43 +274 +113 +159 +390 +383 +18 +206 +41 +309 +101 +64 +81 +264 +317 +353 +266 +304 +362  +7 +311 +248 +399
+48 +153 +380 +157 +204 +358 +289 +336 +353 +272 +290 +214 +375 +284 +105 +341 +194 +332 +250 +206 +386 +331 +291 +123 +267 +191 +358 +122 +333 +219 +128 +390 +73 +60 +167 +348 +38 +67 +258 +312 +377 +216 +295 +99 +312 +243 +88 +151 +324 +89
+85 +232 +363 +385 +143 +178 +369 +134 +114 +338 +282 +111 +201 +120 +27  +0 +151 +361 +278 +83 +100 +205 +60 +331 +130 +223 +12 +390 +37 +118 +64 +204 +193 +392 +311 +289 +362 +29 +389 +142 +42 +98 +102 +313 +345 +73 +277 +133 +395 +335
+245 +21 +246 +371 +308 +129 +175 +381 +81 +350 +374 +263 +240 +129 +366 +329 +55 +167 +346 +77 +93 +101 +80 +225 +311 +28 +141 +234 +290 +130 +217 +183 +122 +127 +46 +296 +207 +131 +187 +371 +366 +393 +302 +58 +347 +286 +193 +381 +116 +333
+288 +150 +349 +278 +291 +19 +76 +266 +294 +173 +332 +306 +74 +246 +364 +156 +335 +237 +67 +122 +47 +284 +357 +125  +3 +246 +194 +393 +304 +143 +136 +146 +78 +304 +276 +151 +284 +208 +31 +67 +391 +239 +38 +122 +90 +298 +238 +124 +40 +239
+216 +157 +306 +350 +27 +259 +157 +271 +260 +185 +309 +397 +251 +129 +35 +304 +128 +356 +397 +164 +249 +282 +120 +395 +143 +331 +12 +139 +341 +251 +166 +347 +318 +33 +77 +32 +15 +189 +165 +307 +132  +1 +160 +95 +346 +367 +122 +208 +219 +225
+86 +92 +149  +2 +71 +286 +128 +146 +180 +246 +32 +167 +157 +285 +122 +378 +359 +271 +158 +142 +395 +391 +123 +184  +8 +302 +130 +182 +243  +1 +331 +399 +222 +370 +249 +332 +379 +253 +322 +290 +250 +296 +21 +83 +160 +277 +86 +124 +363  +3
+199 +191 +215 +162 +350 +258 +313 +290 +204 +324 +397 +303 +157 +378 +236 +97 +150 +374 +245 +388 +354 +51 +321 +264 +229 +391 +252 +60 +305 +99 +126 +85 +161 +346 +288 +94 +156 +120 +279 +51 +118 +313 +49 +342 +158 +255 +312 +96 +130 +291
+90 +34 +79 +105 +256 +108 +146 +116 +376 +333 +20 +257 +311 +154 +254 +281 +315 +396 +305 +386 +371 +192 +191 +89 +120 +72 +387 +208 +365 +375 +156 +141 +383 +177 +185 +120 +328 +63 +284 +17 +370 +398 +59 +346 +134 +47 +180 +309 +94 +174
+70 +133 +166 +206 +50 +115 +188 +230 +382 +73 +228 +264 +291 +31 +127 +25 +334 +344 +20 +179 +179 +36 +231 +171 +352 +10 +45 +101 +298 +256 +58 +219 +78 +44 +308 +133 +135 +347 +338 +177 +288 +14 +60 +374 +152 +230 +275 +79 +135 +297
+187 +69 +32 +78 +144 +272 +191 +77 +249 +75 +144 +250 +229 +43 +87 +180 +345 +60 +345 +356 +100 +142 +394 +356 +125 +268 +394 +20 +21 +117 +216 +278 +235 +240 +345 +43 +241 +126 +73 +366 +152 +302 +168 +116 +151 +149 +12 +207 +148 +271
+341 +243 +110 +390 +168 +29 +266 +172 +237 +254 +195 +210 +314 +26 +241 +208 +348 +276 +156 +245 +29 +12 +366 +121 +361 +293 +55 +145 +286 +82 +171 +36 +381 +104  +7 +27 +208 +149 +131 +15 +229 +139 +303 +257 +188 +99 +54 +382 +153 +112
+166 +68 +243  +0 +23 +205 +198 +38 +348 +190 +292 +15 +11 +120 +186 +365 +237 +133 +81 +367 +291 +377 +171 +252 +49 +122 +383 +374 +294 +16 +211 +385 +163 +350 +391 +89  +9 +85 +15 +112 +78 +369 +362 +394 +34 +319 +185 +281 +384 +306
+311 +161 +338 +15 +174 +312 +180 +323 +276 +82 +292 +166 +44 +99 +154 +279 +369 +381 +300 +172 +252 +305 +28 +304  +0 +161 +14 +56 +27 +322 +143 +111 +233 +355 +278 +241 +146 +174 +122 +110 +342 +61 +294 +66  +1 +399 +177 +110 +25 +193
+285 +50 +131 +209 +224 +75 +114 +317  +3 +176 +384 +23 +213 +257 +257 +264 +141 +209 +344 +306 +54 +364 +269 +40 +19 +229 +219 +104 +50 +180 +384 +110 +107 +230 +118  +9 +44 +358 +91 +132 +344 +152 +268 +105 +159 +332 +375 +50 +225 +73
+281 +106 +45 +188 +280 +149 +259 +76 +159 +256 +43 +173 +201 +366 +65 +234 +312 +88  +0 +62 +94 +137 +248 +388  +1 +25 +306 +181 +72 +281 +326 +139 +279 +86 +280 +172 +170 +299 +234 +347 +251 +392 +206 +149 +256 +382 +367 +221 +59 +290
+350 +289 +211 +131 +245 +130 +343 +278 +44 +24 +80 +73 +257 +240 +236 +358 +254 +224 +286 +389 +277 +351 +86 +341 +244 +181 +240 +251 +370 +378 +366 +185 +193 +326 +373 +213 +247 +158 +91 +260 +182 +372 +148 +30 +359 +68 +367 +37 +207 +22
+341 +355 +82 +308 +216 +137 +45 +305 +129 +244 +376 +228 +113 +74 +261 +157 +383 +311 +55 +268 +285 +199 +32 +72 +347 +344 +357 +104 +17 +273 +14 +286 +101  +1 +84 +78 +21 +336 +273 +348 +257 +302 +251 +111 +127 +212 +322 +138 +41 +88
+89 +311 +244 +354 +144 +358 +240 +393 +233 +370 +153 +189 +94 +396 +252 +231 +162 +48 +136 +269 +35 +129 +347 +94 +354 +295 +222 +144 +294 +98 +30 +55 +166 +342 +195 +154 +193 +240 +60 +15 +12 +382 +339 +79 +17 +132 +155 +117 +12 +132
+45 +27 +332 +122 +131 +134 +380 +246 +199 +337 +127 +380 +40 +38 +129 +129 +49 +66 +138 +74 +226 +19 +338 +398 +334 +132 +259 +14 +287 +163 +161 +120 +159 +262 +10 +152 +110 +113 +119 +117 +295 +288 +217  +1 +366 +159 +36 +188 +25 +162
+82 +337 +249 +110 +43 +187 +148 +252 +132 +34 +85 +275 +132 +25 +129 +371 +38 +354 +280 +303 +201 +278 +61 +385 +359 +175 +189 +311 +374 +91  +7 +233 +59 +368 +145 +245 +179 +226 +245 +145 +373 +132 +217 +203 +41 +141 +130 +363 +31 +345
+349 +43 +300 +246 +214 +372 +214  +8 +242 +101 +280 +28 +248 +88 +377 +198 +275 +390 +109 +34 +263 +367 +205 +156 +152 +109 +74 +320 +237 +311 +138 +60  +0 +232 +378 +163 +74 +298 +170 +164 +35 +337 +398 +300 +61 +231 +133  +5 +82 +20
+145 +85 +106 +317 +242 +153 +186 +341 +315 +170 +173 +181 +294 +323 +290  +5 +119 +248 +27 +333 +171 +51 +155 +376 +374 +128 +157 +162 +312 +261 +56 +108 +31 +77 +60 +370 +68 +15 +359 +52 +289 +373 +117 +196 +234 +142 +367 +160 +264 +296
+28 +358 +204 +335 +225 +213 +48 +320 +23 +173 +50 +201 +387 +355 +293 +11 +193 +131 +84 +41 +189 +180 +177 +398 +82 +92  +5 +279 +279 +70 +50 +243 +168 +207 +315 +147 +187 +126 +392 +317 +370 +53 +396 +97 +257 +120 +185 +323 +347 +399
+26 +313 +42 +68 +41 +157 +341 +353 +22 +275 +337  +6 +111 +321 +226 +367 +97 +152 +333 +360 +24 +183 +333 +10 +346 +267 +241 +313 +361 +316 +64 +79 +314 +243 +277 +302 +259  +2 +124 +284 +25 +89 +245 +389 +364 +128 +159 +382 +129 +389
+206 +241 +339 +270 +328 +245 +323 +189 +291 +50 +121 +178 +86 +106 +333 +284 +265 +182 +116 +73 +182 +265 +217 +347 +84 +399 +149 +256 +60 +223  +3 +38 +327 +130 +47 +145 +218 +135 +396 +29 +154 +170 +119 +307 +40 +188 +238 +50 +258 +246
 +3 +232 +249 +15 +151 +32 +120 +98 +129 +240 +365 +361 +172 +35 +216 +249 +359 +344 +322 +164 +319 +154 +291 +19  +7 +276 +391 +188 +139 +391 +139 +282 +253 +245 +335 +369 +197 +223 +358 +324 +133 +50 +131 +188 +375 +39 +17 +100 +195 +284
