44 44
+181 +46 +159 +94 +284  +0 +363 +184 +138 +34 +63 +163 +243 +147 +393 +307 +12 +395 +224 +346 +234 +164 +15 +283 +353 +357 +196 +373 +28 +186 +66 +314 +260 +17 +179 +168 +168 +57 +249 +187 +356 +356 +393 +175
+159 +361 +366 +158  +5 +77 +127 +388 +290 +197  +0 +321 +315 +258 +112 +357 +31  +9 +169 +265 +66 +385 +154 +399 +330 +299  +8 +12 +304 +285 +389 +316 +327 +280 +380 +266 +177 +82 +134 +120 +225 +336 +261 +331
+126 +60 +162 +150 +65 +390 +90 +85 +55 +146 +373 +330 +377 +348 +147 +109 +232  +5 +373 +146 +243 +159 +279  +6 +297 +16 +360 +378 +110 +268 +38 +26 +188 +396 +266 +156 +356 +370 +68 +282 +391 +175 +65 +69
+195 +297 +41 +160 +388 +123 +221 +354 +329 +306 +193 +292 +293 +159 +374 +201 +241 +378 +250 +354 +214 +235 +61 +47 +210  +7 +61 +226 +273 +271 +275 +275 +356 +338 +140 +98 +31 +217 +260 +212 +79 +103 +161 +310
+280 +67 +206 +59 +113 +163 +173 +131  +9 +332 +78 +74 +232 +241 +76 +207 +330 +279 +202 +314 +32 +34  +0 +399 +368 +31 +276 +111 +186 +154 +206 +92 +43 +348 +207 +255 +66 +289  +7 +305 +398 +21 +164 +393
+57 +394 +181 +176 +88 +172 +17 +293 +211 +233 +304 +205 +172 +210 +275 +80 +105 +377 +363 +127 +145 +158 +334 +68 +110 +26 +219 +255 +336 +397 +201 +214 +196 +18 +388 +327 +382 +355 +262 +99 +311 +290 +228 +304
+204 +186 +143 +121 +11 +399 +161 +305 +308 +261 +173 +202 +179 +140 +22 +229 +385 +362 +144 +61 +334 +202 +119 +334 +302 +336 +273 +294 +357 +381 +105 +266 +259 +156 +341 +129 +18 +346 +322 +304 +337 +114 +186 +390
+275 +28 +351 +272 +375 +195 +148 +62 +92 +381 +335 +100 +92 +298 +81 +262 +189 +278 +93 +117 +309 +338 +13 +233 +144 +149 +69 +343 +82 +396 +16 +76 +203 +287 +59 +178 +122 +393 +330 +254 +322 +148 +71 +15
+255 +73 +53 +227 +238 +48 +63 +290 +292 +51 +243 +184 +232 +39 +211 +378 +74 +352 +376 +215 +187 +112  +9 +371 +202 +50 +113 +292 +280 +74 +112 +363 +157  +6 +274 +229 +322 +302 +166 +89 +106 +244 +272 +130
+324 +43 +29 +229 +24 +57 +33 +188 +389 +393 +59 +314 +25 +62 +396 +141 +50 +272 +79 +191 +16 +35 +224 +168 +222 +202 +90 +169 +52 +252 +249 +74 +46 +122 +35 +278 +194 +108 +12 +182 +300  +5 +72 +276
+308 +38 +243 +221 +16 +188 +233 +227 +21 +51 +363 +324 +233 +173 +180 +250 +45 +25 +113 +224 +275 +162 +281 +92  +8 +113 +298 +311 +112 +160 +256 +375 +371 +372  +7 +28 +78 +247 +100 +58 +11 +325 +272 +346
+237 +198 +233  +4 +55 +182 +173 +10 +379 +253 +149 +46 +196 +297 +357 +130 +370 +231 +373 +24 +353 +314 +395 +225 +327 +370 +68 +231 +207 +204 +339 +58 +18 +196 +95  +1 +347 +136 +16 +334 +204 +154 +347 +109
+222 +23 +133 +135 +179 +23 +61 +95 +43 +133 +214 +102 +146 +35 +98 +248 +81 +308 +363 +120 +172 +86 +268 +274 +54 +258 +34 +276 +291 +315 +321 +294 +166 +14 +233 +154 +360 +296 +179 +381 +23 +209 +299 +360
+369 +280 +31 +97 +65 +259 +327 +153 +322 +209 +30 +286 +162 +22 +392 +233 +163 +299 +90 +59 +58 +223 +360 +217 +22 +113 +356 +147 +149 +321 +346 +131 +66 +27 +103 +38 +225 +302 +239 +227 +215 +325 +304 +130
+23  +4 +327 +60 +142 +218 +33 +287 +147 +322 +327 +206 +382 +120 +248 +166 +130 +299 +17 +59 +35 +137 +233 +203 +295 +83 +330 +48 +192 +286 +399 +61 +388 +332 +392 +398 +126 +279 +358 +231 +129 +206 +207 +362
+353 +192 +118 +311 +27 +279 +345 +278 +179 +386 +144 +251 +293 +194 +14 +167 +137 +280 +153 +235 +172 +280 +60 +105 +366 +278 +168 +318 +223 +259 +109 +200 +34 +102 +208 +139 +154 +126 +194 +273 +38 +54 +109 +381
+192 +134  +0 +206 +318 +360 +227 +381 +63 +347 +195 +47 +120 +193 +312 +180 +108 +126 +112 +191 +380 +335 +249 +356 +254 +159 +177 +320 +218 +202 +281 +344 +353 +319 +107 +55 +32 +177 +283 +374  +1 +298 +374  +8
+36 +194 +375 +246 +157 +132 +245 +316 +283 +168 +47 +87 +49 +283 +50 +51  +2 +203 +157 +104 +320 +233 +363 +123 +42 +138 +31 +285 +253 +350 +115 +30 +264 +321 +68 +64 +14 +260 +349 +156 +103 +307 +91 +72
+357 +98 +323 +87 +157 +360 +158 +301 +190 +100 +253 +18 +285 +329 +273 +159 +175 +371 +28 +236 +325 +120 +103 +388 +345  +4 +15 +312 +195 +112 +216 +398 +354 +108 +348 +98 +107 +106 +391 +121 +92 +17 +78 +14
+367 +25 +224 +136 +86 +167 +118 +304 +176 +389 +367 +149 +334 +151 +32 +58 +390 +49 +358 +203 +357 +162 +320 +274 +131 +283 +390 +190 +279 +250 +149 +271 +275 +256 +284 +248 +112 +185 +25 +46 +271 +35 +364 +395
 +2 +192 +180 +225 +221 +362 +285 +69 +273 +345 +34 +227 +162 +133 +301 +332 +351 +125 +51 +204 +357 +249 +49 +203 +64 +158 +180 +53 +285 +200 +17 +36 +82 +395 +228 +110 +107 +63 +242 +103 +56 +208 +62 +305
+180 +120 +69 +361 +93 +360 +188 +175 +382 +252 +86 +206 +308 +288 +386 +354 +182 +142 +60 +39 +341 +193 +247 +367 +345 +301 +133 +312 +24 +325 +95 +99 +90 +396 +375 +280 +35 +72 +75 +399 +328 +110 +89 +324
+200 +49 +114 +323 +325 +346 +136 +260 +231 +215 +105 +285 +347 +265 +368 +134 +391 +184 +59 +310 +389 +136 +391 +45 +108 +236 +313 +83 +144 +374 +74 +21 +176 +91 +272 +102 +191 +157 +262 +259 +145 +237 +136 +317
+298 +266 +41 +208 +388 +84 +294 +123  +4 +277 +247 +31 +208 +57 +163 +126 +199 +20 +182 +44 +338 +47 +288 +316 +84 +75 +292 +389 +139 +23 +391 +64 +331 +132 +230 +117 +373 +175 +325 +265 +222 +126 +130 +213
+291 +66 +200 +27 +320 +80 +322 +323 +345 +206 +156 +26 +185 +380 +155 +362 +224 +268 +133 +317 +328 +335 +12 +253 +44 +90 +16 +284 +104 +332 +359 +196 +210 +83 +353 +386 +165 +56 +17 +30 +103 +129 +193 +319
+34  +5 +302 +50 +314 +29 +142 +235 +164 +76 +276 +302 +97 +98 +176 +370 +41 +286 +333  +3 +46 +14 +26 +328  +3 +353 +172 +209 +383 +357 +109 +256 +323 +29 +153  +1 +376 +148 +139 +105 +192 +20 +35 +140
+306 +367 +17 +118 +396 +172 +211 +225 +282 +277 +327 +69 +299 +56 +375 +278 +29 +69 +155 +240 +66 +247 +150 +393 +26 +341 +375 +59 +10 +49 +153 +195  +2 +362 +372 +167 +146 +217 +74 +365 +369 +59 +317 +31
+256 +165 +343 +183 +135 +317 +241 +52 +177 +321 +382 +40 +354 +388 +85 +159 +97 +261 +384 +185 +340 +177 +124 +54 +365 +191 +256 +27 +185 +99 +252 +355 +354 +130 +59 +237 +275 +249 +339 +207 +268 +387 +342 +369
+382 +362 +252 +195 +227 +315 +207 +237 +384 +43 +263 +18 +236 +297 +371 +334 +52 +377 +150 +297 +21 +277 +341 +16 +258 +23 +131 +287 +54 +313 +391 +63 +80 +356 +129 +165 +87 +261 +362 +134 +196 +174 +356 +34
+276 +65 +68 +248 +399 +219 +69 +364 +25 +200 +83 +131 +266 +110 +95 +289 +58 +301 +75 +143 +321 +60 +333 +95 +253 +21 +208 +352 +124 +212 +210 +234  +1 +279 +42 +370 +34 +345 +364 +77 +224 +40 +177 +115
+145 +162 +73 +263 +231 +234 +243 +115 +28 +319 +271 +211 +377 +107 +116  +0 +331 +361 +64 +258 +185 +253 +195 +43 +260 +117 +52 +177 +312 +335 +79 +51 +156 +43 +281 +298 +257 +361 +56 +201 +36 +143 +216  +1
+174 +43 +113 +353 +279 +349 +169 +388 +18 +161 +162 +375 +184 +392 +58 +309 +115 +226 +155 +221 +134 +262 +235 +221 +264 +226 +328 +268 +392 +38 +53 +65 +384 +397 +201 +75 +300 +155 +53 +187 +153 +213 +394 +193
+298 +273 +204 +141 +25 +191 +116 +101 +175 +188 +31 +199 +23 +26 +161 +237 +135 +82 +34 +194 +26 +379 +322 +195 +391 +186 +263 +145 +229 +114 +35 +289 +282 +138 +28  +8 +42 +79 +58 +188 +395 +270 +80 +310
+105 +191 +282 +149 +77 +339 +27 +269 +52 +267 +205 +172 +219 +60 +350 +383 +391 +234 +267 +370 +17 +179 +395 +331 +280 +322 +244 +343 +115 +101 +326 +193 +60 +115 +280 +101 +389 +33 +296 +44 +193 +34 +366 +67
+383 +204 +170 +364 +220  +8 +380 +136 +50 +335 +235 +84 +282 +394 +280 +364 +174 +261 +255 +394 +26 +94 +258 +204 +320 +113 +213 +99 +192 +202 +183 +135 +302 +240 +155 +160 +131 +199 +237 +50 +41 +283 +395 +314
+234 +127 +398 +193 +223 +149 +373 +18 +123 +222 +74 +322 +79 +323 +247 +76 +384 +149 +62 +168 +145 +399 +42 +343 +137 +64 +144 +249 +20 +250 +186 +25 +94 +245 +246 +81 +157 +12 +376 +217 +45 +147 +133 +287
 +2 +28 +284 +114 +371 +294 +396 +272 +253 +102 +196 +127 +176  +2 +16 +166 +264 +110 +123 +213 +105 +57 +134 +252 +202 +21 +200 +318 +257 +334 +294 +358 +125 +168 +224 +382 +172 +41 +171 +107 +58 +62 +252 +149
+190 +17 +119 +290 +223 +158 +132 +272 +226 +242 +325 +218 +126 +213 +266 +373 +89 +83 +135 +233 +117 +91 +236 +177 +86  +2 +332 +328 +293 +316 +272 +254 +298 +149 +371 +75 +288 +75 +239 +60 +228 +289 +13 +207
+200 +373 +341 +300 +89 +210 +141 +130  +7 +274 +149 +95 +339 +207 +205 +180 +18 +256 +387 +102 +194 +388 +156 +119 +388 +266 +32  +6 +62 +339  +0 +176 +235 +343 +347 +118 +229 +261 +265 +165 +41 +275 +203 +40
+97 +86 +152 +193 +235 +274 +370 +185 +305 +86 +149 +86 +350 +341 +343 +204 +130  +3 +179 +74 +126 +91 +102 +368 +314 +290 +188 +200 +258 +295 +65 +17 +355 +246 +162 +23 +208 +103 +301 +171 +188 +135 +290 +180
+34 +349 +243 +199 +203 +192 +360 +314 +35 +236 +304 +71 +143 +253 +162 +273 +146 +218 +197 +31 +295 +150 +151 +329 +376 +52 +111 +307 +206 +233 +284 +222 +391 +151  +0 +67 +272 +385 +164 +144 +333 +119 +171 +258
+106  +2 +281 +288 +336 +336 +11 +212 +162 +92 +307 +172 +87 +363 +123 +54 +149 +95 +342 +132 +342 +394 +222 +347 +139 +309 +259 +64 +79 +371 +369 +376 +289 +119 +113 +320 +357 +131 +239  +2 +186 +376 +321 +296
+192 +101 +49 +190 +198  +9 +89 +164 +275 +310 +29 +351  +2 +178 +319 +356 +111 +30 +276 +140 +257 +188 +138 +246 +239 +390 +324 +321 +235 +303 +296 +151 +254 +202 +314 +219 +99 +115 +370  +6 +41 +382 +394 +23
+300 +143 +349 +123 +74 +317 +240  +4 +156 +105 +164 +243 +167 +219 +222  +7 +169 +295 +328 +379 +185 +252 +231 +350 +196 +269 +243 +270 +310 +306 +193 +225 +48 +70 +115 +186 +94 +42 +215 +112 +105 +151 +146 +175
