17 17
+312 +52 +74 +359 +309 +132 +71 +197 +357 +273 +324 +382 +386 +56 +351 +376 +101
+175 +230 +52 +331 +95 +134 +94 +11 +252 +207 +204 +262 +273 +66 +75 +81 +86
+281 +291  +1 +242 +147 +141 +74 +107 +180 +290 +387 +378 +124 +158 +84 +85 +180
+80 +184 +14 +386 +369 +38 +337 +202 +145 +211 +284 +52 +88 +62 +219 +367 +371
+255 +160 +346 +287 +32 +314 +333 +91 +218 +331 +171 +254 +244  +0 +314 +319 +12
+45  +2 +330 +196 +106 +133 +172 +63 +283 +207 +355 +39 +260 +192 +91 +162 +57
+320 +240 +80 +92 +29 +59 +307 +256 +169 +379 +244 +344 +62 +84 +264 +10 +213
+123 +20 +178 +137 +184 +108 +294 +159 +68 +29 +77 +382 +18 +18 +353 +68 +319
+96 +308 +272 +316 +366 +182  +8 +174 +36 +162 +314 +115 +191 +312 +269 +146 +325
+101 +320 +316 +271 +381 +212 +275 +363 +109 +188  +1 +265 +357 +50 +232 +390 +299
+131 +326 +345 +205 +316 +359  +5 +218 +43 +265 +54 +64  +1 +146 +292 +196 +197
+336 +208 +346 +190 +193 +315 +62 +254 +206 +179 +238 +229 +36 +260 +205 +229 +208
+302 +263 +36 +383 +228 +295  +3 +92 +227 +255 +254 +97 +342 +343 +74 +330 +363
+132 +196 +249 +236 +328 +234 +80 +365 +372 +324 +336 +260 +286 +83 +218 +190 +239
+40 +102 +231 +196 +220 +320 +142 +287 +214 +44 +282 +162 +26 +20 +241 +266  +8
+277 +23 +285 +44 +185 +44 +345 +367 +329 +52 +177 +14 +157 +238 +32 +260 +274
+192 +129 +380 +368 +98 +392 +203 +383 +98 +340 +159 +274 +59 +233 +202 +205 +77
