23 23
+374 +293 +259 +16 +62 +259 +25 +274 +224  +0 +379 +257 +125 +118 +76 +234 +364 +335 +256 +13 +65 +379 +390
+273 +35 +199 +26 +247 +88 +51 +260 +180 +251 +80 +103 +243 +98 +13 +47 +181 +299 +270 +43 +250 +321 +196
+59 +13 +145 +293 +49 +354 +175 +54 +82 +178 +305 +119 +119 +307 +149 +69 +78 +316 +86 +292 +323 +282 +204
+118 +125 +285 +250 +250 +32 +25 +376 +121 +30 +264 +102 +364 +276 +275 +278 +211 +399 +227 +222 +83 +297 +192
+83 +311 +37 +169 +19 +12 +126 +346 +19 +207 +326 +186 +287 +301 +368 +65 +337 +25 +274 +143 +248 +278 +25
+374 +105 +20 +217 +56 +79 +111 +72 +324 +383 +156 +368 +17 +63 +376 +222 +192 +375 +150 +120 +219 +201 +120
+377 +219 +42 +272 +333 +330 +299 +158 +106 +254 +379 +13 +369 +190 +144 +259 +78 +79 +343 +103 +122 +74 +291
+383 +388 +51 +63 +316 +170 +389 +149 +281 +142 +183 +119 +134 +27 +213 +380 +377 +291 +345 +52 +80 +70 +114
+285 +229 +125  +6 +75 +319  +4 +342 +188 +345 +23 +370 +189 +136 +94 +356 +61 +269 +170 +339 +89 +323 +122
+331 +337 +331 +176 +223 +362 +81 +384 +345 +45 +146 +215 +152 +309 +97 +195 +216 +373 +234 +93 +232 +126 +153
+127 +392 +339 +399 +30 +282 +359 +169 +310  +9 +96 +297 +308  +7 +21 +324 +268 +302 +360 +396 +79 +345 +45
+72 +393 +309 +246 +40 +124 +394 +180 +139 +138 +130 +375 +286 +386 +366 +93 +203 +310 +244 +228 +304 +249 +200
+377 +318 +197 +318  +1 +261 +17 +276 +322 +27 +365 +134 +120 +14 +244 +299 +53 +329 +195 +238 +88 +169 +256
+106 +151 +369 +17 +372 +368 +118 +98 +95 +250 +114 +223 +285 +65 +283 +262 +78 +294 +109 +116 +323 +295  +5
+49 +193 +373 +188 +123 +143 +275 +27 +154 +390 +188 +231 +112 +162 +106 +329 +26 +283 +355 +319 +360 +65 +203
+235 +254 +355 +347 +239 +268 +211 +298 +331 +276 +164 +32 +336 +153 +109 +29 +44 +149 +210 +140 +286 +297 +19
+63 +207 +289 +322 +171 +394 +221 +192 +196 +367 +88 +280 +94 +118 +339 +354 +168 +237 +176 +130 +233 +326 +41
+332 +110 +328 +53 +165 +10 +126 +252 +153 +292 +210 +30 +19 +236 +326 +102 +295 +180 +186 +272 +341 +12 +287
+132 +330 +128 +173 +380 +392 +105 +302 +125 +302 +259 +206 +42 +381 +262 +86 +255 +21 +237 +298 +48 +99 +396
+386 +116 +157 +128 +374 +196 +190 +83 +242 +210 +293 +98 +188 +23 +222 +291 +357 +342 +145 +188 +32 +57 +170
+174 +339 +348 +163 +315 +38 +158 +198 +262 +357 +88 +190 +395 +322 +180 +344 +371 +253 +317 +215 +91 +106 +145
+155 +21 +245 +249 +200 +327 +220 +23 +251 +286 +77 +293 +243 +319 +165 +223 +93  +5 +62 +74 +187 +49 +229
+100 +142 +165 +324 +182 +175 +359 +166 +272 +253 +107 +37 +289 +230 +28 +107 +15 +147 +309 +125 +173 +66 +89
