1149548 1079255 1149130 1138045 974463 1305792 969795 1074084 1275976 1201162 1014825 1302173 1089529 1036582 1263688 1118564 1405002 1184229 1251075 1093830 1100802 1110453 1037599 985163 1194626
1049777 919159 904955 856802 934782 1051317 886174 804748 1069794 1011347 854766 921356 949330 840416 1122690 1002870 1131462 1006447 962306 1009845 935983 1044139 977778 753551 1031309
978883 979486 1036309 922942 913681 1237968 837226 957027 1124602 1094855 820610 1188933 998255 877650 1228752 974323 1200536 1069658 1159274 959780 966985 1018479 971490 944910 1146753
1004015 1079638 1039401 956686 852397 1170449 768271 911085 1197294 970236 786201 1044447 1024950 1027033 1249811 935276 1241232 1100680 1150036 1238239 916947 986694 1068588 953076 987721
1367145 1261134 1072021 1177670 1092483 1322576 992049 1068535 1422772 1135460 1089253 1168948 1234227 1162763 1355496 1228886 1314440 1154300 1299268 1320809 985858 1205274 1218451 1025835 1250558
1059815 1015447 1066914 958440 978637 1179039 913148 961654 1262323 1104467 922131 1131397 1116894 949082 1328564 1149404 1169217 1046932 1236255 1008581 934951 1111943 1121464 978005 1216227
1186593 1079882 1130450 1136992 1046752 1319654 1003317 1111505 1432266 1124933 1008922 1246749 1147598 1054723 1398798 1190804 1366730 1077491 1228312 1184531 1013124 1235603 1250694 1084414 1319781
1030164 1015212 1060568 1058572 928435 1268616 931279 846273 1099753 1210126 931008 1032148 1044607 977971 1217954 1006615 1286526 1030512 1280398 1058867 968064 1192689 1170197 909688 1058994
913723 873975 935608 809002 780499 1092535 876054 913922 1110890 889300 844609 1093277 945868 882255 1054763 891818 1099142 839494 1150959 919871 805861 966598 981965 895505 936937
1040328 1184604 1107020 906003 869125 1307780 857965 1067814 1170750 1124011 1019148 1192547 995182 1132508 1233603 958393 1256216 1338871 1204733 1111179 1036478 1028819 1055057 1008404 1127493
1247057 1238520 1238045 1138019 998876 1345495 1048977 1045535 1399306 1345781 1070758 1186164 1142614 1129693 1356376 1240856 1392670 1256115 1345691 1245639 1085409 1163927 1190800 996035 1260571
926645 924118 1008326 947213 923201 1054759 750832 865820 1034956 1071914 816319 903099 1044067 858202 1241987 1008883 1094563 1047772 1038520 985373 855535 1063037 1035741 805154 1082289
1089901 1025236 1101581 943783 838857 1184135 954109 889479 1166325 1106867 947633 983461 1109553 1026662 1244251 957904 1176784 1017660 1179699 1149937 876674 1091029 1084172 922260 1033546
1130913 1055832 939842 1012478 1022960 1050302 858779 859908 1358739 940874 941357 1056651 1105007 872004 1112053 1031095 1022942 1074933 1026697 912903 915045 1132750 942965 828490 1172379
751393 797821 945044 705114 717049 893737 579135 804214 991628 910348 589655 867225 761727 707184 1044265 807933 1016386 919456 963560 892467 808110 746659 811875 695288 831218
984676 1029591 1013371 920002 888594 1246742 828522 1030621 1175748 1015012 961868 1197427 966452 1063017 1160366 973564 1199455 1175387 1070103 985717 959969 981217 1056088 1011169 1112539
1103721 904818 1117878 1043009 869812 1190098 1018973 817349 1210400 1269157 1023012 988373 1055415 1030359 1225695 985111 1200230 1005448 1186857 1016914 922694 1166211 1121437 931078 1065935
1142642 1144200 1079693 1101715 925191 1395321 1033466 1113792 1337312 1194818 1060518 1164792 1003796 1159515 1139443 1015386 1212078 1088394 1202750 1140219 938920 1042073 1128255 868216 1199622
1279718 1206928 1242323 1068861 1138104 1400302 1031363 1135543 1404008 1255117 1021801 1268811 1319047 1111226 1561270 1154426 1319940 1244929 1426874 1318428 1125885 1322069 1284078 1048128 1279270
1071061 1005819 863233 946449 954852 1058188 835648 815364 1217486 1086763 886337 1009684 1042233 769077 1103612 1155022 1188898 1095778 1061499 997516 934438 1108351 943706 756487 1030390
1126388 1053583 1131064 1053541 905834 1272091 992906 947925 1293629 1172821 930810 1164642 1149739 1046833 1239184 1195563 1267987 1211658 1112127 1062478 984583 1119382 1060445 971975 1237613
1104078 929249 963688 1021840 850372 1058430 806376 747537 1107711 899417 725293 916321 1032696 918723 1061956 947310 1028116 904015 1086566 1031489 871318 977143 904894 720881 973833
1222948 1231476 1233089 1119313 1138080 1461580 1104849 1186318 1548312 1318326 1176700 1489597 1233230 1186709 1485209 1298263 1595415 1360040 1428511 1295203 1188522 1307485 1356607 1278412 1283566
976085 1064600 913828 918129 989340 1205173 966010 987678 1210184 983118 960780 1043582 1094398 976201 1126622 837162 968260 985062 1082839 986324 840285 1141755 1095590 739670 1085262
989033 915817 999502 820565 839009 1111492 795550 827600 1100124 951293 815183 917041 967509 985212 1067903 882747 1002402 1061547 1009538 1027622 841220 959952 987154 813523 999758
