16 16
+16 +278 +159 +274  +6 +34 +15 +375 +192 +49  +8 +109 +261 +230 +357 +260
+281 +292 +169 +65 +265 +381 +301 +334 +255 +119 +318 +40 +19 +64 +37 +264
+286 +340 +353 +79 +14 +370 +280 +236 +95 +49 +261 +290 +204 +157 +32 +251
+103 +241 +262 +143 +282 +167 +126 +49 +227 +130 +61 +164 +200 +108 +227 +223
+30 +342 +283 +196 +90 +215 +212 +247 +18 +49 +297 +131 +91 +232 +50 +120
+244 +349 +60 +323 +102 +71 +64 +328 +126 +326 +394 +185 +72 +43 +290 +309
+211 +118  +3 +168 +20 +115 +362 +56 +69  +7 +209 +145 +67 +50 +161 +356
+163 +244 +342 +349 +80 +277 +273 +396 +281 +213 +253 +263 +232 +317 +297 +136
+178 +288 +109 +51 +349 +195 +358 +340 +10 +250 +33 +367 +116 +47 +397 +123
+99 +310 +244 +311 +326 +284 +315 +141 +73 +172 +308 +321 +267 +258 +141 +288
+197 +352 +141 +325 +391 +329 +328 +20 +167 +32 +28 +397 +370 +276 +48 +100
+267 +169 +79 +134 +310 +134 +361 +133 +340 +358 +36 +12 +127 +367 +198 +175
+383 +69 +201 +183 +198 +62 +85 +112 +387 +44 +325 +246 +86 +242 +83 +266
+243 +112 +367 +251 +324 +49 +174 +189  +7 +303 +181 +350 +158 +168 +315 +237
+310 +48 +399 +306 +168 +357 +314 +271 +239 +198 +50 +323 +175 +185 +192 +324
+301 +284 +10 +201 +320 +222 +291 +226 +120 +316 +192 +374 +338 +108 +42 +104
