19 19
+131 +204 +160 +319 +302 +42 +289 +187 +364 +236 +394 +19 +36 +263 +185 +356 +340 +199 +168
+142 +252 +40 +273 +279 +85 +260 +244 +20 +112 +300 +397 +146 +392 +289 +53 +183 +266 +285
+385 +375 +253 +289 +211 +184 +258 +163  +5 +202 +395 +57 +193 +242 +324 +30 +314 +168 +144
+126 +276 +137 +203 +369 +117 +236 +376 +373 +98 +350 +366 +113 +311 +32 +70 +397 +86 +86
+359 +34 +22 +192 +305 +182 +340 +368 +181 +17 +214 +331 +228 +69 +31  +5 +209 +107 +261
+124  +2 +97 +246 +65 +266 +253 +309 +244 +231 +135 +330 +350 +78 +15 +226 +268 +232 +210
+347 +77 +52 +292 +81 +255 +207 +252  +5 +102 +255 +224 +263 +35 +147 +322 +292 +251 +16
+324 +196 +38 +153 +328 +311 +364 +353 +273 +62 +56  +5 +157 +64 +94 +36 +154 +397 +390
+229 +290 +279 +188 +92 +374 +260 +277 +182 +294 +139 +191 +367 +116 +233 +229 +234 +285 +252
+36 +368 +55 +391 +316 +42 +150 +283 +69 +61 +37 +166 +223 +339 +111 +35 +271 +369 +226
+32 +192 +186 +226 +23 +152 +311 +15 +357 +38 +245 +353 +81 +113 +379 +188  +4 +81 +205
+215 +53 +251 +287 +337 +305 +311 +150 +278 +148 +68 +364 +113  +0 +337 +300 +26 +299 +275
+150 +130 +263 +175 +361 +311 +195 +261 +273 +275 +33 +346 +144 +167 +281 +232 +308 +43 +225
+292 +67 +225 +189 +113 +75 +150 +170 +84 +145 +130 +299 +191 +379 +334 +69 +106 +55 +220
+358 +380 +258 +114 +117 +25 +160 +335 +64 +90  +1 +329 +37 +308 +104 +181 +45 +316 +277
+292 +59 +190 +290 +75 +113 +71 +136 +88  +3 +112 +212 +105 +346 +316 +326 +143  +4 +238
+263 +14  +8 +56 +147 +276 +277 +129 +52 +106 +195 +312 +80 +41 +394 +131  +1 +96 +252
+317 +293 +358 +238 +364 +102 +179 +279 +361 +179 +153 +128 +157 +63 +211 +287 +366 +395 +147
+61 +261 +190 +94 +147 +339 +317 +186 +296 +323 +325 +100 +276 +284 +26 +301 +395 +362 +121
