13 13
+122 +349 +299 +147 +270 +130 +290 +35 +44 +185 +129 +18 +190
+215 +299 +246  +1 +25 +183 +167 +157 +218 +383 +23 +81 +271
+398 +93 +245 +115 +246 +99 +386 +144 +98 +112 +339 +224 +162
+195 +141 +166 +93 +12 +370 +363 +70 +255 +14 +349 +182 +45
+128 +80 +83 +374 +373 +307 +127 +43 +321 +50 +32  +2 +136
+231 +62 +197 +252 +58 +116 +206 +378 +340 +284 +277 +264 +225
+90 +268 +230 +275  +0 +220 +243 +196 +351 +30 +28 +261 +251
+153 +237 +218 +29 +120 +221 +328  +8 +142 +168 +311 +150 +226
+66 +306 +313 +154 +124 +22 +228 +12 +174 +180 +343 +263 +225
+288 +311 +285 +91 +292 +18 +273  +8 +125 +290 +195 +167 +75
+221 +73 +123 +97 +90 +190 +120 +21 +243 +78 +80 +252 +290
+120 +313 +381 +298 +339 +112 +390 +150 +63 +296 +321 +79 +397
+42 +32 +251 +278 +120 +69 +51 +64 +384 +346 +140 +266 +192
