40 40
+58 +266 +364 +165 +360 +220  +2 +359 +217 +31 +109 +395 +84 +56 +66 +57 +112 +132 +119 +329 +359 +246 +184 +339 +112 +28 +174 +37 +203 +383 +209 +309 +159 +109 +301 +384 +360 +384 +120 +372
+361 +194 +79 +232 +199 +41 +262 +390 +82 +244 +171 +23 +126 +269 +347 +336 +349 +161 +310 +222 +238 +72 +184 +397 +150 +201 +229 +192 +236 +301 +32 +57 +112 +33 +301 +72 +321 +20 +287 +77
+156 +85 +78 +52 +322 +185 +336 +94 +311 +321 +261 +301 +61 +280 +230 +378 +313 +150 +290 +109 +389 +43 +361 +370 +78 +277 +167 +170 +289 +275 +96 +96 +17 +69 +229 +304 +218 +209 +339 +311
+206 +252 +233 +132 +382 +216 +26 +389 +193 +255 +244  +2 +53 +288 +174 +40 +210 +184 +292 +233 +72 +148 +113 +42 +123 +204  +4 +207 +358 +160 +397 +50 +29 +148 +310 +219 +11 +348 +359 +147
+170 +291 +168 +126 +179 +109 +228 +73 +124 +243 +216 +93 +94 +177 +366 +27 +200  +4 +150 +217  +2 +52 +101 +29 +197 +316 +75 +253 +387 +63 +236 +288 +377 +384 +224 +193 +181 +382 +292 +129
+71 +66 +247 +302 +33 +177 +227 +128 +364 +212 +286 +242 +380 +332 +135 +28 +284 +58  +0 +255 +48 +120 +239 +282 +392 +378 +386 +24 +282 +217 +13 +87 +202 +187 +95 +49 +235 +238 +378 +270
+207 +313 +251 +265 +234 +313 +110 +70 +305 +28 +379 +154 +195 +271 +148 +184 +75 +124 +170 +134 +214 +16 +107 +304 +180 +325 +357 +343 +58 +129 +362 +257 +183 +245 +306 +39 +270 +386 +297 +245
+27 +66 +141 +44 +250 +361 +96 +321 +319 +229 +332 +399 +75 +278 +133 +285 +351 +173 +396 +389 +322 +292 +45 +157 +184 +153 +55 +15 +303 +354 +40 +343 +175 +195 +263 +206 +90 +133 +160 +32
+110 +219 +26 +224 +244 +210 +264 +316 +362 +23 +270 +139 +19 +304 +372 +173 +118 +366 +278 +223 +343 +373 +220 +117 +328 +264 +262 +148 +21 +382 +343 +87 +361 +66 +70 +383 +180 +66 +183 +30
+308 +165 +332 +93 +320 +349 +235 +65 +126 +221 +143 +371 +361 +215 +184 +283 +359 +44 +257 +226 +160 +60 +313 +333 +265 +368 +307 +181 +267 +227 +59 +341 +251 +367 +86 +136 +138 +207  +8 +233
+257 +318  +2 +363 +123 +96 +386 +156 +245 +348  +3 +43 +282 +339 +249 +142 +93 +305 +376 +37 +341 +187 +305 +384 +140  +6 +270 +164 +376 +141 +182 +191 +216 +281 +166 +257 +382 +266 +112 +145
+311 +371 +108 +288 +214 +112 +67 +176 +312 +287 +70 +388 +21 +191 +382 +93 +69 +98 +248 +161 +240 +75 +353 +244 +133 +270 +342 +175 +36 +263 +365 +149 +278 +155 +74 +38 +79 +226 +311 +335
+201 +125 +319 +246 +92 +206 +189 +204 +253 +217 +345 +180 +387 +342 +55 +74 +315 +208 +139 +312 +290 +317 +37 +325 +11 +10 +83 +193 +265 +147 +33 +336 +83 +378 +164 +15 +337 +249 +220 +164
+64 +356 +109 +383 +70 +154 +260 +371 +73 +89 +216 +122 +311 +156 +67 +37 +101 +282 +98 +173 +101 +190 +392 +76 +34 +249  +5 +368 +76 +394 +211 +70 +191 +198 +365 +145 +272 +296 +22 +43
+99 +111 +188 +128 +353 +247 +232 +285 +17 +308 +92 +324 +84 +149  +1 +124 +368 +271 +217 +324 +38 +321 +131 +322 +383 +298 +203 +186 +125 +38 +159 +117 +340 +393 +273 +20 +204 +206 +278 +176
+187 +370 +277 +301 +143 +229 +334 +172 +309 +343 +19 +345 +263 +25 +138 +252 +273 +165 +255 +124 +342 +251 +83 +264 +123 +334 +191 +270 +51 +71 +182 +347 +270 +33 +178 +228 +376 +184 +136 +277
+338 +168 +371 +169 +268 +334 +365 +256 +26 +63 +56 +43 +148 +148 +72 +98 +279 +47 +223 +82 +93 +194 +225 +202 +289 +220 +287 +13 +240 +357 +258 +111 +42 +174 +259 +395 +190 +100  +1 +155
+372 +375 +171 +281 +268 +17 +103 +288  +7 +160 +271 +369 +262 +21 +285 +310 +191 +65 +339 +65 +340 +215 +178 +28 +126 +132 +153 +40 +324 +156 +144 +199 +83 +137  +5 +349 +331 +83 +256 +116
+132 +181 +395 +258 +96 +207 +148 +203 +261  +2 +367 +24 +277 +223 +260 +341 +107 +109 +252 +207 +285 +106 +34 +271 +375 +196 +222 +307 +238  +2 +200 +265 +123 +135 +51  +1 +103 +211 +182 +374
+173 +294 +68 +296 +284 +113 +133 +290 +53 +183 +34 +353 +320 +296 +271 +185 +236 +146 +71 +361 +176 +299  +1 +212 +71 +25 +363 +270 +297 +162 +269 +85 +267 +363 +363  +0 +324 +66 +362 +211
+349 +326 +310 +76 +206  +4 +137 +141  +5 +300 +173 +370 +325 +320 +315 +93 +194 +339 +251 +159 +230 +121 +95 +288 +347 +200 +372 +272 +223  +5 +331 +386 +22 +45 +16 +183 +238 +124 +48 +384
+208 +282 +84 +106 +295 +67 +29 +142 +195 +336 +240 +20 +75 +69 +22 +109 +310 +124 +68 +53 +279 +44 +230 +357 +235 +223 +106 +58 +54 +373 +267 +129 +59 +292 +289 +275 +10 +81 +235 +163
+110 +203 +59  +4 +40 +342 +387 +48 +23 +24 +383 +141  +5 +398 +289 +380 +390 +162 +89 +150 +72 +283 +186 +161 +64 +207 +206 +19 +145 +264 +224 +289 +26 +88 +149 +35 +390 +367 +319 +393
+335 +257 +253 +223 +276 +41 +114 +18 +180 +378 +232 +313 +387 +339 +174 +56 +281 +143 +182 +51 +203 +163 +26 +269 +169  +4 +227 +164 +314 +237 +365 +11 +159 +385 +265  +2 +330 +184 +312 +272
+186 +231 +151 +377 +288 +322 +217 +135 +209 +212 +233 +256 +210 +21 +314 +31 +97 +203 +105 +117 +336 +367 +105  +6 +159 +24 +31 +276 +205  +2 +259 +164 +35 +193 +237 +381 +394 +388 +241 +352
+311 +235 +47 +144 +154 +153 +338 +302 +98 +103  +0 +71 +264 +230 +82 +348 +349 +38 +255  +2 +40 +317 +120 +47 +271 +82 +24 +171 +126 +275 +200 +367 +239 +141 +97 +108 +373 +13 +211 +83
+205 +37 +348 +66 +388 +375 +119 +113 +234 +216 +322 +190 +221 +160 +175 +391 +93 +217 +84 +157 +331 +79 +152 +326 +154 +381 +263 +63 +162 +217 +353 +245 +344 +194 +398 +206 +263 +341 +175 +130
+21 +146 +264 +11 +398 +67 +152 +329  +9 +64 +39 +38 +53 +386 +340 +381 +338 +290 +82 +305 +107 +73 +16 +18 +203 +355 +158 +157 +82  +0 +92  +8 +265 +358 +366 +340 +132 +284  +4 +179
 +1 +235 +121  +7 +68 +49 +353 +222 +134  +6 +388 +393 +130 +80 +363 +384 +223 +250 +273 +137 +84 +374 +395 +348  +1 +229 +378 +216 +292 +394 +296 +175 +305 +80 +335 +30 +120 +215 +34 +342
+124 +36 +145 +297 +320 +80 +53 +159 +306 +296 +211 +223 +346 +190 +333 +392 +161 +86 +184 +26 +209 +121 +22 +204 +215 +227  +4 +138 +113 +28 +190 +82 +193 +62 +177 +295 +93 +214 +325 +396
 +0 +394 +319 +55 +78 +342 +350 +357 +198 +384 +216 +19 +318 +270 +380 +77  +3 +290 +100 +212 +232 +35 +284 +343 +26 +11 +359 +365 +29 +219 +159 +366 +38 +380 +397 +87 +286 +319 +264 +254
+281 +382 +29 +307 +155 +78 +365 +111 +22 +233 +277 +301 +346 +360 +362 +250 +341 +51 +38 +32 +292 +115 +297 +75 +204 +71 +71 +141 +178 +266 +332 +159 +320 +79 +301 +215 +235 +139 +42 +176
+17 +282 +315  +7 +55 +388 +325 +338 +76 +270 +192 +206 +227 +215 +368  +7 +10 +211 +343 +89 +29 +174 +197 +84 +273 +222 +252 +212 +219 +332 +24 +390 +296 +93 +160 +251 +137 +284 +269 +356
+48 +269 +39 +44 +277 +136 +366 +135 +203 +79 +148 +114 +335 +202 +13 +27 +145 +123 +315 +68 +30 +74 +200 +297 +94 +292 +53 +302 +163 +255 +38 +120 +233 +282 +155 +48 +286 +348 +330 +265
+31 +147 +66 +240 +226 +174 +283 +285 +14 +112 +276 +256 +159 +53 +214 +298 +317 +314 +394 +50 +159 +369 +361 +170 +206 +192 +63 +285 +135 +139 +301 +277 +103 +152 +317 +283 +71 +271 +235 +371
+233 +312 +262 +292 +171 +276 +366 +142 +279 +139 +162 +311 +24 +249 +114 +141 +246 +346 +30 +321 +338 +243 +331 +375 +37 +375 +324 +194 +369 +172 +42 +46 +276 +262 +280 +321 +94 +271 +335 +341
+385 +316 +97 +321 +189 +41 +115 +287 +382 +390 +99 +79 +254 +222 +136 +65 +81 +239 +229 +113 +224 +279 +106 +184 +263 +236  +3 +210 +343 +224 +284 +288 +195 +35 +151 +278 +162 +144 +89 +122
+398 +22 +75 +253 +354 +23 +249 +160 +26 +255 +164 +324 +246 +342 +388 +281 +188 +209 +375 +266 +232 +75 +341 +171 +57 +64 +149 +46 +175 +360 +335 +348 +11 +25 +32 +74 +138 +101 +250 +346
+366 +125 +44 +143 +106 +93 +173 +238 +391 +77 +172 +307 +199  +6 +59 +353 +287 +82 +374 +333 +270 +140 +221 +62 +203 +350 +69 +22 +310 +328 +225 +286 +320 +340 +398 +297 +88 +146 +356 +139
+159 +122 +354 +282 +381 +387 +240 +114 +161 +36 +209 +343 +110 +337 +50 +286 +118 +230 +121 +169 +115 +103 +276 +345 +151  +6 +137 +178 +299 +132 +173 +20  +6 +222 +208 +39 +282 +60 +288 +272
