11 11
 +3 +222 +114 +85 +320 +366 +61 +170 +90 +177 +342
+197 +232 +333 +211 +206 +24 +379 +87 +20 +339 +173
+156 +382 +354 +54 +305 +324 +256 +94 +399 +348 +353
+148 +98 +286 +283 +372 +233 +241 +285 +205 +270 +129
+219 +241 +25 +132 +243 +341 +371 +180 +245 +105 +382
+126 +90 +149 +397 +384 +249 +13 +138 +368 +369 +296
+70 +32 +81 +304 +157 +31 +324 +333 +45 +236 +90
+130 +339 +316 +270 +42  +6 +382 +327 +50 +270 +283
+263 +51 +316 +249 +338 +84 +314 +85 +30 +15 +97
+213 +391 +245 +309 +157 +329 +306 +165  +8 +69 +92
+32 +255 +286 +171 +332 +43 +147 +82 +240 +27  +9
