12 12
+23 +122 +48 +130 +65 +82 +108 +45 +125 +184 +57 +300
+311 +33 +227 +306 +285 +335 +315 +19 +88 +94 +262 +382
+284  +9 +290 +338 +297 +194 +107 +299 +198 +181 +45 +150
+34 +82 +25 +143  +9 +353 +182 +146 +159 +68 +358 +276
+130 +70 +248 +165 +99 +372 +378 +264 +44 +150 +146 +225
+156 +156 +49 +256 +105 +167 +78 +99 +132 +271 +179 +149
+105 +71 +225 +30 +45 +50 +216 +323 +205 +244 +229 +75
+332 +396 +34  +3 +273 +293 +371 +13 +66 +320 +56 +368
+260 +353 +225 +321 +204 +347 +124 +11 +271 +143 +260 +156
+68 +59 +131 +213 +101 +300 +24 +347 +232 +367 +185 +180
+263 +19 +373 +164 +365 +220 +99 +181 +44 +186 +111 +302
+223 +56 +203 +317 +203 +283 +277 +266 +274 +227 +306 +55
