1764552 1779443 1443826 1533095 1976625 1621286 1807639 1787454 1700159 1551222 1760091 2052916 1709422 2133399 1673737 1281411 1921417 1781914 1643160 1820710 1937291 1919539 1680601 1530320 1848941 2065591 1871393 1826445 1785188 1630886 1617212 1954554 1724977 1622827 1408904 1529779 1805333 2135534 1738308 1679031 1741146 1875988 1569006 1858625
1739285 1966585 1749548 1942250 2091811 1875025 2025039 1824287 1888879 1713196 1985561 2165891 1908946 2092384 1704567 1752830 2170411 1911181 1928981 2060927 2166495 2007279 1702208 1869820 1932828 2352143 2039120 1927003 1974174 1791220 1932413 2005157 1979470 1623228 1880022 1789487 1944688 2145444 1767987 1859382 2035557 2056148 1566601 2086662
1666587 1526060 1601173 1877481 1895912 1687781 1691020 1853004 1793782 1514586 1782434 1709935 1793498 1859544 1565274 1631436 1611060 1918454 1655776 1799940 1855867 1882098 1725166 1698976 1730671 1865649 1933564 1597456 1822916 1363957 1920491 1745175 1730415 1589694 1544198 1465685 1890757 1996038 1876850 1625246 1818524 1926657 1689672 1828077
1697602 1842161 1780912 1910744 2114275 1960419 2067347 1889567 1848373 1857099 1949281 2037138 1966645 2326249 1810450 1571145 2119332 2035936 1848476 2080037 1967456 1886475 1733680 1796215 1922727 2227369 2060219 2127478 1903098 1755395 1774171 1887031 1846560 1673288 1744177 1744599 1948165 2113165 2039844 1758034 2017804 1954348 1599164 2063213
1544184 1435169 1497453 1630096 1585987 1481851 1698354 1777939 1595679 1389497 1499891 1641996 1569203 1724574 1378671 1437112 1654146 1595896 1605355 1508672 1677744 1655126 1571912 1585814 1450243 1621717 1698540 1693426 1630354 1292027 1635141 1706289 1598376 1482495 1306787 1453534 1470228 1943013 1712891 1532478 1718293 1658979 1438316 1538901
1852016 1912235 1825013 1902171 2130357 1944605 1924750 2013955 1815093 1745343 2067727 1980976 1919625 2157990 1749705 1605049 1947525 1735067 1842421 2152635 2111627 1954706 1614667 1898963 1763194 2315047 2036443 1796518 2104805 1606700 1957964 1955489 1967260 1591597 1704153 1625050 1965562 2177123 1912071 1658957 2029325 2127154 1844235 1951361
1989959 2023599 1845405 1890430 2217195 2071679 2026707 1982147 1934187 1857176 1964381 2284610 1994330 2269768 1700077 1706182 2167575 1990151 1942907 2101251 2197456 2330684 1760077 1955016 1944987 2271859 2091757 2212096 2099773 1768734 2199685 2185977 2102154 1658992 1692579 1728286 2045167 2326952 2130240 1943994 1929915 2111084 1795297 2058861
1698080 1535014 1588996 1704821 1977006 1744787 1690161 1789632 1645512 1501109 1615986 1846340 1817710 1999257 1463173 1430584 1653527 1824892 1633737 1761240 1740397 2004505 1543170 1650257 1767283 1927311 1802578 1918491 1561682 1523452 1742415 1652957 1662858 1657600 1490077 1395851 1837235 1859218 1732353 1710487 1570819 1745619 1745505 1735297
1531920 1594804 1410842 1402636 1777104 1741790 1755087 1880185 1553174 1442899 1601404 1859659 1642702 1868135 1525965 1378109 1834180 1728439 1718288 1730588 1787379 1666622 1567864 1559427 1526812 1931618 1813388 1640919 1765510 1551273 1614300 1718603 1665124 1496033 1579964 1440663 1720977 1895312 1640057 1413385 1817154 1640398 1539890 1650521
1274195 1250823 1218880 1393571 1385782 1198663 1416432 1380533 1364961 1300256 1297421 1449460 1387602 1517546 1061446 1073687 1364789 1433682 1348544 1420824 1288006 1235397 1404453 1396448 1324816 1487574 1511566 1514078 1485744 1087676 1306014 1437885 1347928 1056986 1236802 1098732 1289332 1540095 1335738 1236825 1215267 1261670 1103903 1444430
1523866 1530780 1287040 1626646 1945468 1525165 1517043 1462761 1579379 1614767 1737141 1826514 1556712 1848227 1431421 1396703 1737385 1818903 1450769 1496924 1758453 1780912 1498097 1432743 1607881 1846752 1918524 1598686 1589014 1616905 1717946 1794794 1594529 1507632 1592922 1471722 1720799 1946004 1543943 1583873 1499705 1727033 1279449 1715644
1783130 1771507 1598010 1795541 1628148 1723905 1786341 1851935 1889251 1536321 1743566 1965930 1942170 1951844 1494983 1624347 1772542 1937814 1881207 1863097 1894839 2001398 1805123 1662078 1836266 1905894 1918787 1869542 1848380 1456003 1890397 2001367 1607720 1351807 1596008 1384251 1899398 1974695 1848819 1631106 1890745 1851493 1537974 1916533
1588295 1555956 1470980 1391726 1694610 1591824 1677908 1738798 1533990 1407844 1587148 1764794 1582615 1710721 1396112 1343347 1716449 1726237 1495167 1761526 1736711 1670894 1373320 1496322 1544309 1861443 1700861 1573127 1690361 1429065 1604624 1708257 1494370 1411430 1426465 1393169 1709400 1879789 1564732 1420954 1602549 1646488 1566651 1594087
1679291 1599561 1522931 1725691 1673255 1610103 1660506 1690967 1652258 1462308 1653907 1769728 1698460 2014462 1557520 1449943 1747980 1756979 1596651 1817572 1720760 1725771 1658454 1710791 1728823 1977538 1913654 1785351 1749578 1564844 1795303 1857862 1609288 1299447 1494467 1396878 1621631 2040470 1702813 1478754 1758430 1765174 1449160 1848012
1606847 1746335 1850565 1779371 2165435 1723399 1917561 1829294 1691561 1766531 1851795 1983247 1833959 2123650 1722397 1538292 1944190 1841183 1573946 2013665 2007820 1942579 1533711 1711973 1849285 2122730 2021079 1818627 1745477 1636446 1835197 1881190 2035340 1611269 1702608 1511089 1760950 2261030 1892100 1712026 1881990 2000933 1692632 1889113
1623753 1617162 1507582 1594065 1741506 1681480 1740080 1688593 1692752 1619930 1650601 2001510 1633362 1844249 1409478 1342614 1680400 1865329 1699417 1882219 1766481 1923166 1690228 1660580 1521697 1865853 1828727 1859816 1840486 1480154 1714840 1852115 1744393 1511644 1408950 1616796 1799754 1950659 1682237 1570103 1626728 1852729 1429731 1776268
1733754 1738297 1712430 1845788 2012310 1741995 1846760 1816856 1742646 1735172 1916168 2041802 1843014 2082640 1616945 1634522 2122315 2132578 1721159 1964978 2132424 2137659 1708379 1748422 2009159 2205698 2095055 2079440 1725579 2042053 1758665 1895883 1751523 1534187 1716556 1691540 1928064 2070591 1913941 1812830 1936642 1904493 1529660 2066590
1376789 1456799 1439363 1535448 1639100 1468694 1474897 1410466 1408843 1325654 1460581 1551300 1491220 1660844 1277776 1213595 1474350 1424764 1433155 1630261 1710659 1649360 1369731 1345944 1514316 1774825 1577896 1566902 1436316 1443932 1451974 1481934 1461242 1244495 1421976 1345848 1536961 1694148 1489965 1388058 1418748 1653286 1313684 1572999
1531658 1584065 1533775 1566148 1817674 1814256 1686855 1645088 1618615 1466570 1649684 2023442 1666915 1950994 1452677 1478567 1806631 1772466 1730427 1762445 1952363 2025462 1490337 1563999 1638025 2010216 1820200 1956109 1556713 1749129 1718110 1897689 1752671 1700914 1505838 1386768 1777814 1995611 1790304 1671554 1710266 1779395 1431378 1791512
1819945 2042930 1710672 1877477 2111138 1822712 1883688 1900610 1946794 1876508 1959238 2122243 1940433 2039551 1534101 1724530 2052668 2045946 1907611 1812162 2083424 2265444 1829720 1763286 1659595 2067143 2066945 1847210 2032211 1620511 1969299 2093505 1966050 1681848 1702510 1628335 1985259 2157813 1876509 2020362 1934426 2068449 1682026 2106826
1413238 1431039 1449335 1519469 1622325 1566763 1535776 1584173 1504669 1438923 1631372 1740994 1718360 1863749 1470143 1304439 1871776 1701758 1594195 1630532 1664353 1744415 1514034 1368695 1579786 1861512 1759110 1788735 1641417 1504283 1699043 1651557 1534390 1290728 1517754 1457257 1705063 1586562 1642890 1374262 1757177 1647977 1317222 1646012
1834559 1726603 1669319 1913969 2046679 1789471 1917019 1964304 1860672 1684589 1871652 2133763 1972279 2068677 1680987 1664323 2041666 2104935 1821097 2024865 1998379 2118428 1860076 1809994 2003412 2117556 2081453 2260140 1980321 1660070 1919893 2028917 1960165 1539964 1632091 1688023 1912079 2096544 2000623 1727028 1848326 1953846 1654287 1923892
1682370 1813376 1744171 1868102 1992773 1683440 1743491 1761527 1826522 1805883 1944897 1962846 1842174 2137918 1712101 1510932 2011001 2064704 1744306 2038465 1927649 1990587 1754152 1685297 1795791 2157502 2011838 1972084 1966800 1649648 1875297 1960291 1911064 1549902 1606485 1713292 1906849 1995704 1820674 1844588 1866065 2009562 1634127 2037612
1639029 1477245 1430846 1460441 1648885 1603376 1807339 1907141 1652854 1436015 1724362 1829725 1677541 1844213 1399135 1444955 1834463 1907782 1535011 1806905 1812323 1899215 1524614 1599680 1612680 1896529 1759242 1732246 1638826 1597782 1680222 1757390 1584432 1564835 1387439 1312676 1726239 1929272 1763981 1513234 1769947 1753685 1582553 1770197
1707763 1639024 1663628 1602370 1939380 1720971 1799410 1818729 1781125 1532667 1800162 1992199 1753219 2001696 1631596 1430690 1909456 1863515 1719968 1810415 1816091 1946454 1504266 1671600 1677937 2117777 1895030 1831691 1747291 1573526 1657459 1894858 1763470 1665508 1366554 1538844 1787091 1826815 1679396 1654444 1870709 1840909 1621903 1856569
1442296 1494309 1301114 1142784 1729646 1483137 1544738 1575124 1331077 1321196 1307275 1649532 1647859 1664236 1234179 1221555 1521534 1410104 1355993 1495577 1551932 1612290 1207602 1284311 1411692 1775352 1448391 1356291 1429312 1175281 1521597 1535997 1406648 1272433 1365950 1108113 1587860 1669813 1457763 1436752 1400000 1439575 1309568 1512203
1573612 1647935 1608987 1818980 1835995 1581472 1688857 1914124 1700528 1450247 1748947 1787363 1819424 2025657 1621469 1710467 1936920 1995169 1659471 1730361 1699118 1854806 1637153 1596181 1659693 1990474 1948689 2020304 1667237 1547171 1672888 1633635 1621987 1570138 1402997 1455584 1785968 1913690 1865679 1555208 1963710 1820427 1549961 1867509
1977220 2032145 1737427 1891953 2207346 1961310 2143302 2080970 1938390 1891571 1954519 2198505 2039656 2333519 1832928 1692584 2038730 2034178 1959852 2135345 2177758 2220394 1905848 1802373 1955729 2152827 2295062 2087923 2049138 1880968 2023109 2087191 2054589 1944922 1826383 1710162 2042965 2284049 1930469 1958562 2087712 2123318 1875951 2047727
1710197 1806399 1778269 2002417 1980288 1856485 1822540 1937864 1905347 1594374 1957350 1889240 1908061 2335663 1741318 1742494 1900948 2030850 1873482 1914643 1857114 1902465 1719096 1779628 1867958 2240276 2022213 2114715 1801920 1680913 1762015 1965023 1843862 1701494 1601702 1628879 1869455 2209760 1969618 1593807 2129813 2016092 1615467 2029603
1404493 1484116 1486070 1451882 1908131 1533724 1685264 1689179 1630538 1496136 1631555 1584665 1454944 1789892 1436320 1385531 1684895 1836249 1569130 1649052 1670651 1678750 1485796 1610659 1410790 1931827 1675503 1748244 1563600 1498205 1448209 1670789 1732269 1435483 1346799 1440422 1549248 1860550 1588496 1603741 1650481 1527593 1487634 1662898
1479221 1548867 1449022 1508797 1631184 1665035 1514987 1562056 1578828 1471243 1658702 1666167 1582378 1785911 1319422 1336828 1615993 1782546 1558740 1810860 1681878 1728516 1511658 1633821 1419316 1791301 1645263 1536227 1650503 1338801 1562891 1555784 1568681 1349103 1368916 1534910 1651815 1824343 1521730 1497165 1696623 1655905 1565220 1654233
1691145 1769678 1632663 1710461 2062871 1760700 1730183 1941606 1811324 1770641 1869022 1985468 1875686 2071534 1625816 1673040 2036871 2114377 1852401 1949936 2015407 1978422 1875041 1660387 1823198 2111718 2061554 1788191 1896554 1750773 1928965 1958255 1901878 1561827 1784208 1801473 1975968 2159249 1803101 1759753 2015881 1893517 1565355 2039563
1402910 1523606 1070647 1587869 1424756 1387160 1491096 1326480 1450104 1307661 1489249 1700347 1383764 1636825 1190099 1207514 1498323 1405331 1384082 1430924 1542788 1649395 1348094 1394430 1395043 1649022 1632211 1462062 1464565 1322135 1650076 1492111 1533118 1176873 1356286 1269513 1391687 1692455 1396760 1389775 1306725 1451031 1176592 1619286
1743785 1859242 1721881 1701211 1824676 1669316 1685429 1963827 1886577 1661951 2003218 2056243 1862543 2035063 1490155 1723071 2070538 2067165 1926489 1817869 2011731 2046183 1659420 1657818 1664122 2236591 1892794 1746524 1978240 1613323 1848492 2159034 1790556 1501773 1677579 1511962 2009460 2041445 1940954 1663572 2088453 2001278 1517731 2072265
1850526 1841314 1562211 1852168 1912017 1826044 1883736 1966569 1821175 1818980 1899884 2088266 1902818 2197753 1709659 1620458 2036857 1974376 1920930 1910169 2024462 2036944 1870597 1691995 1776397 2012171 2103670 1973063 1936494 1706879 1687005 1974942 1857717 1736130 1739417 1791699 1771171 2214662 1777698 1778694 2077669 2055819 1650863 1962115
1524859 1471833 1571983 1613605 1554248 1579285 1480134 1601007 1455541 1294671 1617064 1896934 1646200 1837513 1472605 1187449 1666226 1627328 1556051 1695480 1788792 1873618 1517445 1402713 1706452 1758489 1637913 1706718 1529611 1450996 1640537 1781508 1385543 1497676 1391555 1326283 1797009 1756815 1573391 1374960 1583089 1858746 1273198 1647004
1511773 1697271 1549038 1350747 1677632 1524200 1699632 1747830 1562362 1269782 1669367 1710742 1629386 1743749 1308789 1332389 1775319 1693518 1484125 1559179 1873896 1829504 1363290 1518192 1474129 1878306 1522013 1472666 1584136 1446582 1493853 1727523 1526298 1511041 1329512 1476631 1665402 1830375 1546263 1458841 1821917 1661640 1320586 1653169
1666351 1577033 1545644 1644868 1940202 1604429 1788207 1894491 1707557 1602375 1837824 2012041 1776721 1920490 1555450 1486997 1848700 1793333 1587060 1772772 1828850 1946266 1519576 1646667 1705347 2097041 1950837 1663397 1793151 1632369 1818229 1810221 1765033 1595125 1624001 1474860 1780969 1917205 1795325 1626836 1796652 1850593 1558780 1912203
1552087 1645260 1560739 1789839 1825091 1819105 1659622 1536228 1577088 1555182 1692036 1812188 1753063 1865825 1564805 1457137 1695576 1763234 1717650 1893630 1833325 1855518 1674497 1500958 1639250 1896906 1866213 1833212 1593589 1537111 1623810 1619734 1754451 1424008 1610690 1525424 1785159 1851712 1609830 1528342 1727224 1860369 1573060 1666261
1669786 1681331 1412701 1551234 1724372 1634922 1728156 1732455 1557695 1455397 1580314 1815365 1880431 1972183 1510608 1524625 1851667 1752137 1553577 1783673 1894628 1933361 1586560 1505429 1857153 1889582 1705033 1870840 1695106 1526661 1604013 1813901 1649207 1481207 1534162 1452356 1719761 2005640 1692606 1632634 1816891 1820011 1357148 1870187
1930048 1722799 1477986 1670598 1988429 1820279 1990130 1881758 1743531 1742018 1838068 1971944 1878009 2055561 1516500 1616553 1891678 1789764 1708422 1865377 2067375 2067883 1607531 1789099 1837444 2090942 1881178 1898691 1730211 1702786 1826471 1969037 1861064 1543748 1621857 1529147 1786252 2155031 1848724 1756407 1790715 1815390 1583619 1786795
1861130 2063155 1865485 1809750 2250287 1823283 1866381 1955822 1751579 1778146 2084779 2113874 1981337 2119622 1728670 1645227 2096257 1990173 1807243 1999935 2120280 2181441 1730247 1752133 1957726 2306550 2107524 1923891 1900758 1887226 1884069 1993169 1868587 1669554 1787931 1607129 2062090 1952634 1642697 1892865 1960790 1975099 1599224 2059469
1653644 1732647 1676031 1631766 1952418 1649187 1719358 1784936 1695275 1627715 1830336 2048671 1798263 2033968 1575422 1386486 2077944 1878398 1793120 1801351 1931128 1965594 1653386 1619883 1832611 2078496 1910718 1771186 1819093 1579723 1679609 1821579 1652508 1365174 1664839 1391363 1833456 1871650 1685828 1676776 1878325 1863922 1497796 1990057
1526396 1769714 1582990 1650878 1652125 1662064 1552409 1679473 1582461 1416716 1685293 1937690 1676089 1930489 1343049 1369017 1721290 1677071 1767758 1672224 1833637 1952347 1642376 1519857 1503720 2000270 1801425 1716641 1771406 1478195 1737594 1855705 1476296 1496135 1468815 1414790 1818355 1935039 1648692 1550658 1738497 1874146 1312454 1865574
