40 40
+253 +212 +378 +297 +322 +294 +166 +383 +235  +9 +317 +305 +63 +394 +291  +5 +97 +294 +112 +298 +53 +304 +293 +201 +359 +311 +264  +6 +382 +56 +350 +49 +311 +145 +289 +325 +205 +279 +219 +107
+162  +2 +341 +155 +34 +329 +166 +373 +172 +258 +372 +184  +7 +231 +333 +22 +339 +244 +199 +231  +9 +312 +287 +289 +97 +185 +286 +110 +216 +206 +217 +136 +389 +309 +96 +244 +65 +84 +73 +371
+29 +342 +149 +190 +376 +161 +205 +258 +347 +232 +169  +2 +132 +244 +290 +349 +187 +296 +328 +303 +248 +112 +151 +32 +295 +43 +243 +37  +2 +389 +27 +43 +287 +214 +227 +25 +302 +107 +63 +227
+358 +177 +62 +361 +157 +288 +137 +177 +68 +94 +350 +141 +63 +318 +347 +226 +178 +217 +196 +263 +83 +145 +373 +194 +380 +349 +367 +340 +191 +268 +196 +348 +327 +390 +367 +187 +70 +168 +343 +308
+303 +274 +215 +253 +354 +294 +141 +359 +203 +56 +31 +217 +165 +157 +32 +227  +1 +238 +324 +282 +101 +138 +75 +144 +66 +135 +14 +365 +330 +322 +12 +14 +168 +299 +178 +371 +374 +67 +338 +67
+31 +61 +214 +125 +288 +46 +87 +166 +228 +123 +36 +75 +314 +166 +227 +87 +242 +195 +285 +63 +312 +339 +81 +183 +127 +249 +283 +189 +47 +91 +325 +26 +194 +205  +1 +282 +71 +348 +197 +222
+111 +282 +368 +332 +202 +19 +364 +377 +367 +134 +328 +123 +206 +369 +257 +295 +352 +325 +278 +105 +13 +347 +180 +311 +71 +81 +203 +326 +110 +39  +6 +183 +312 +46 +357 +111 +23 +325 +192 +162
+211 +240 +187 +113 +27 +59 +361 +391 +251 +128 +314 +38 +276 +200 +381 +170 +353 +343 +356 +180 +226 +88 +110 +146 +248 +107 +183 +235 +373 +217 +59 +275 +253 +356 +142 +354 +105 +309 +284 +141
+196 +205 +245 +303 +194 +88 +333 +26 +100 +37 +64 +153 +35 +232 +378 +235 +149 +100 +226 +127 +51 +32 +229 +245 +40 +81 +348 +107 +85 +340 +111 +318 +382 +324 +147 +158 +260 +145 +193 +203
+255 +104 +335 +35 +318 +108 +142 +259 +148 +117 +99 +25 +65 +102 +235 +398 +253 +72 +254 +106 +190 +312 +318 +156 +265 +68 +64 +68 +314 +19 +56 +316 +141 +300 +244 +207 +333 +109 +49 +160
+191 +102 +82 +333 +309 +168 +288 +335 +139 +284 +339 +165 +117 +320 +115 +301 +376 +390 +373 +149 +267 +10 +218 +144 +68 +355 +365 +252 +16 +68 +31 +367 +139 +353 +184 +384 +92 +301 +274 +354
+22 +54 +206 +158 +67 +289 +183 +17 +167 +17 +53 +272 +109 +258 +190 +126 +293 +31 +102 +222 +237 +33 +60 +65 +54 +209 +245 +290 +86 +84 +13  +4 +251 +387 +309 +56 +383 +303 +86 +247
+86 +288 +144 +61 +118 +275 +354 +32 +221 +58 +149 +95 +202 +46 +68 +317 +236 +83 +126 +358 +159 +371 +268 +302 +101 +71 +46 +172 +153 +305 +96 +195 +79 +144 +129 +182 +329 +34 +204 +354
+278 +226 +175  +2 +149 +43 +75 +90 +192 +248 +256 +81 +216 +212 +239 +269 +189 +37  +6 +339 +100 +89 +397 +238 +112 +109 +350 +51 +113 +105 +205 +309 +137 +68 +156 +272 +281 +390 +251 +38
+397 +365 +324 +386 +145  +9 +142 +89 +262 +187 +196 +168 +256 +179 +160 +71 +68 +177 +197 +239 +156 +295 +318 +59 +360 +121 +137 +249 +222 +269 +60 +158 +292 +93 +146 +159 +37 +313 +343 +295
+285 +181 +343 +237 +207  +7 +56 +36 +124 +70 +384 +259 +264 +87 +275 +343 +12 +14 +360 +245 +225 +251 +27  +8 +214 +144 +278  +5 +324 +118 +17 +40 +117 +73 +215 +359 +10 +106 +271 +44
+69 +347 +379 +174 +362 +74 +176 +116  +4  +1 +238 +80 +11 +244 +377 +239 +47 +284 +120 +377 +233 +307 +151 +56 +195 +398 +136 +257 +118 +20 +225 +374 +169 +206 +365 +66 +254 +52 +239 +271
+393 +273 +73 +302 +353 +181 +209 +55 +52 +50 +350 +266 +220 +347 +63 +387 +109 +15 +301 +313 +163 +306 +235 +173 +63 +49 +292 +111 +101 +86 +397 +25 +49 +286 +177 +94 +98 +163 +20 +138
+117 +117 +190 +275 +240 +86 +132 +208 +115 +127 +329 +137 +311 +203 +329 +249 +149 +212 +211 +113 +323 +385 +145 +163 +174 +30 +171 +16 +231 +184 +323 +210 +110 +77 +277 +224 +321 +397 +231 +385
 +7 +10 +74 +55 +362 +328 +70 +385 +122 +114 +187 +331 +50 +59 +56 +117 +39 +146 +335 +232 +162 +129 +260 +358 +391 +391 +269 +214 +294 +378 +53 +90 +237 +181 +203 +174 +102 +55 +111 +202
+376 +222 +219 +309 +332 +65 +259 +93 +106 +180 +93 +257 +60 +127 +183 +368 +214 +208 +189 +391 +100 +48 +239 +12 +245 +20 +389 +249 +210 +75 +161 +82 +316 +53 +250 +183 +327 +126 +118 +109
+290 +172 +30 +210 +26 +199 +40 +197 +272 +74 +387 +354 +336 +68 +302 +137 +371 +131 +385 +50 +310 +228 +208 +18 +75 +337  +6 +58 +288 +233 +14 +377 +353 +183 +158 +375 +359 +205 +306 +50
+225 +398 +335 +61 +111 +271 +309 +242 +68 +153 +93 +245 +22 +263 +378 +321 +356 +362 +125 +340 +132 +137 +85 +180 +19 +363 +12 +375 +375 +267 +235 +382 +279 +230 +186 +95 +152 +82 +168 +393
+349 +130  +5 +254 +128 +375 +12 +103 +198 +53 +254 +144 +62 +46 +287 +89 +357 +275 +227 +297 +316 +343 +31 +73 +309 +226 +323 +317 +279 +239 +56 +201 +224 +251 +116 +54 +200 +112 +298 +391
+160 +130 +95 +285 +375 +109 +321 +158 +381 +84 +333 +35 +332 +79 +293 +112 +346 +97 +334 +182 +35 +101 +20 +259 +154 +228 +105 +100 +172 +203 +366 +135 +239 +294 +152 +103 +285 +315 +264 +13
 +7 +31 +270 +395 +70 +213 +308 +161 +60 +207 +24 +78 +108 +305 +25 +288 +281 +304 +177 +156 +198 +55 +16 +215 +150 +268 +92 +122 +148  +8 +354 +183 +77 +354 +241 +292 +344 +111 +366 +72
+26  +6 +269 +268 +212 +348 +280 +366 +288 +150 +320 +260 +181 +238 +134 +166 +312 +168 +298 +131 +186 +187 +375 +380 +271 +389 +76 +265 +233 +124 +154 +325 +223 +199 +182 +262 +262 +274 +123 +257
+219 +285 +10 +333 +215 +19 +374 +100 +359 +377 +396 +266 +196 +260 +42 +162 +141 +278 +135 +157 +243 +16 +87 +15 +370 +167 +95 +289 +123 +207 +10 +19 +299 +132 +375 +247 +59 +88 +371 +290
+70 +387 +66 +307 +232 +120 +365 +85 +348 +312 +290 +97 +47 +389 +301 +346 +184 +123 +218 +246 +135 +330 +189 +333 +272 +294 +163 +196 +201 +24 +222 +82 +380 +59 +213 +302 +240 +346 +98 +164
+171 +227 +379 +333 +367 +125 +190 +321 +290 +14 +104 +399 +348 +245 +90 +368 +274 +170 +393 +219 +162 +50 +145 +233 +328 +42 +189 +314 +372 +363 +230 +264 +68 +368 +396 +24 +346 +180 +52 +360
+264 +44 +111 +168 +103 +197 +163 +110 +59 +261 +213 +229 +372 +308 +271 +32 +241 +287 +96 +332 +333 +12 +60 +218 +182 +121 +191 +50  +0 +282 +138 +347 +97 +61 +276 +231 +213 +376 +70 +234
+165 +71 +349 +59 +393 +258 +127 +158 +363 +330 +94 +249 +210 +62 +143 +278  +8 +75 +188 +323 +301 +259 +225 +225 +139 +350 +211 +125 +46 +116 +342 +315 +176 +138 +381 +219 +372 +308 +291 +127
+345 +217 +348 +235 +386 +20 +305 +105 +311 +317 +263 +254 +276 +11 +106 +70 +14 +369 +379 +184 +313 +252 +387 +120 +320 +179 +32 +349 +77 +159 +271 +157 +80 +143 +146 +81 +283 +260 +114 +226
+132 +196 +266 +287  +7 +63 +73 +266 +255 +266 +320 +326 +101 +204 +41 +350 +241 +37 +200 +244 +185 +166 +91 +373 +153 +183 +384 +382 +108 +43 +343 +165 +105 +60 +379 +89 +397 +306 +263 +274
+38 +144 +122 +330 +292 +294 +267  +4 +152 +230 +271 +308 +77 +234 +279 +384 +123 +37 +164 +230 +113 +369 +310 +362 +247 +376 +288 +309 +148 +256 +349 +353 +22 +325 +209 +97 +106 +252 +31 +365
+52 +135 +287 +173 +89 +116 +116 +97 +324  +8 +379 +299 +251 +265 +167 +232 +110 +296  +2 +305  +2 +216 +209 +342 +142 +360 +97 +63 +193 +267 +164 +297 +42 +246 +124 +36 +382 +122 +148 +87
 +5 +144 +205 +57 +93 +71 +40 +297 +120 +337 +383 +150 +397 +28 +290 +74 +17 +178 +133 +143 +43 +337 +184 +124 +242 +283 +74 +320 +49 +50 +67 +140 +170 +128 +159 +81 +375 +385 +124 +232
+268 +211 +235 +314 +300 +192 +253 +127 +17 +144 +112 +358 +18  +6 +70 +166 +334 +103 +296 +138 +155 +343  +8 +187 +382 +233 +198 +84 +272 +260 +380 +33 +42 +361 +133 +225 +323 +340 +155 +54
+282 +257 +24 +211 +294 +126 +240 +168 +105 +240 +358 +359 +391 +10 +127 +285 +22 +375 +204 +171 +164 +394 +119 +283 +189 +329 +237 +10 +165 +34 +360 +65 +357 +104 +200 +243 +82 +164 +29 +375
+320 +329 +385 +86 +15 +76 +309 +369 +116 +128 +58 +133 +115 +66 +385 +101 +244 +300 +49 +79  +3 +61 +25 +299 +322 +304 +183 +164 +354 +184 +154 +329 +264  +9 +329 +41 +59 +148 +367 +214
